models=Nomadic	selected=Random Walk	walkingtime=20	selected=random initializer	scale=1.0	params=0.0,1.0,	bias=0.0	distribution=jsc.distributions.Uniform	scale=1.0	params=0.0,1.0,	bias=0.0	distribution=jsc.distributions.Uniform	maxpausetime=10	minspeed=5	selected=squarereflect	height=500	width=500	maxspeed=10	selected=NullPowerAlgorithm	locationinitializer=random initializer	scale=1.0	params=0.0,1.0,	bias=0.0	distribution=jsc.distributions.Uniform	scale=1.0	params=0.0,1.0,	bias=0.0	distribution=jsc.distributions.Uniform	adr=0.05	maps=squarereflect	height=500	width=500	leadersmodeloffset=0.0,0.0,	sdr=0.05	pergrouprange=false	extratraces=true	groupsizes=1,1,	rangealgorithms=NullPowerAlgorithm	maxinitialdistance=30	filenamegenerator=simple	seed=outputtrace	numberiterate=true	defaultfilter=edu.sharif.ce.dml.common.data.trace.filter.DirectoryFilter	isinput=false	fileaddress=output	multiple=false	tracewriter=text	nodenumber=10	maxsimulationtime=1000
Time	Node	PositionX	PositionY	Speed	Direction Angle	Range	GroupNumber	Is Leader
1	0	305	404	7.5	3.47	0	0	true
1	1	286	402	7.66	3.27	0	0	false
1	2	303	417	7.55	3.39	0	0	false
1	3	332	421	7.38	3.68	0	0	false
1	4	318	382	7.47	3.21	0	0	false
1	5	320	402	7.66	3.45	0	0	false
1	6	298	386	7.82	3.27	0	0	false
1	7	449	50	5.31	1.5	0	1	true
1	8	452	49	5.21	1.4	0	1	false
1	9	465	23	5.33	1.39	0	1	false
1	10	308	402	5.56	1.43	0	1	false
1	11	308	402	5.54	1.28	0	1	false
1	12	308	402	5.58	1.78	0	1	false
1	13	308	402	5.49	1.24	0	1	false
1	14	308	402	5.28	1.76	0	1	false
2	0	298	401	7.5	3.47	0	0	true
2	1	279	402	7.68	3.2	0	0	false
2	2	295	415	7.45	3.27	0	0	false
2	3	326	418	7.39	3.63	0	0	false
2	4	311	381	7.27	3.5	0	0	false
2	5	313	399	7.48	3.7	0	0	false
2	6	290	385	7.12	3.78	0	0	false
2	7	449	55	5.31	1.5	0	1	true
2	8	453	54	5.19	1.2	0	1	false
2	9	466	28	5.38	1.44	0	1	false
2	10	301	400	5.52	1.46	0	1	false
2	11	301	400	5.27	1.51	0	1	false
2	12	301	400	5.51	1.73	0	1	false
2	13	301	400	5.56	1.26	0	1	false
2	14	301	400	5.36	1.57	0	1	false
3	0	291	399	7.5	3.47	0	0	true
3	1	271	401	7.46	3.45	0	0	false
3	2	288	414	7.63	3.26	0	0	false
3	3	319	414	7.86	3.45	0	0	false
3	4	304	379	7.48	3.45	0	0	false
3	5	307	395	7.58	3.77	0	0	false
3	6	285	381	7.61	3.41	0	0	false
3	7	450	60	5.31	1.5	0	1	true
3	8	455	59	5.14	1.53	0	1	false
3	9	467	34	5.16	1.4	0	1	false
3	10	295	397	5.05	1.25	0	1	false
3	11	295	397	5.23	1.61	0	1	false
3	12	295	397	5.56	1.54	0	1	false
3	13	295	397	5.06	1.57	0	1	false
3	14	295	397	5.52	1.23	0	1	false
4	0	284	397	7.5	3.47	0	0	true
4	1	264	399	7.5	3.28	0	0	false
4	2	280	413	7.77	3.74	0	0	false
4	3	312	412	7.48	3.59	0	0	false
4	4	297	376	7.49	3.61	0	0	false
4	5	301	391	7.24	3.29	0	0	false
4	6	277	379	7.29	3.17	0	0	false
4	7	450	65	5.31	1.5	0	1	true
4	8	455	64	5.31	1.54	0	1	false
4	9	468	39	5.4	1.52	0	1	false
4	10	287	395	5.32	1.73	0	1	false
4	11	287	395	5.29	1.51	0	1	false
4	12	287	395	5.26	1.35	0	1	false
4	13	287	395	5.36	1.74	0	1	false
4	14	287	395	5.06	1.33	0	1	false
5	0	277	394	7.5	3.47	0	0	true
5	1	256	398	7.77	3.38	0	0	false
5	2	274	409	7.14	3.45	0	0	false
5	3	305	409	7.86	3.63	0	0	false
5	4	290	373	7.39	3.24	0	0	false
5	5	294	390	7.63	3.5	0	0	false
5	6	270	379	7.81	3.76	0	0	false
5	7	450	71	5.31	1.5	0	1	true
5	8	455	70	5.51	1.69	0	1	false
5	9	468	44	5.32	1.7	0	1	false
5	10	280	393	5.45	1.46	0	1	false
5	11	280	393	5.47	1.21	0	1	false
5	12	280	393	5.31	1.56	0	1	false
5	13	280	393	5.28	1.74	0	1	false
5	14	280	393	5.06	1.57	0	1	false
6	0	270	392	7.5	3.47	0	0	true
6	1	249	396	7.52	3.26	0	0	false
6	2	267	407	7.54	3.74	0	0	false
6	3	298	405	7.82	3.47	0	0	false
6	4	283	372	7.43	3.28	0	0	false
6	5	286	387	7.47	3.37	0	0	false
6	6	264	374	7.59	3.43	0	0	false
6	7	451	76	5.31	1.5	0	1	true
6	8	455	75	5.44	1.55	0	1	false
6	9	467	49	5.35	1.58	0	1	false
6	10	273	390	5.42	1.61	0	1	false
6	11	273	390	5.2	1.53	0	1	false
6	12	273	390	5.09	1.29	0	1	false
6	13	273	390	5.58	1.37	0	1	false
6	14	273	390	5.06	1.74	0	1	false
7	0	263	389	7.5	3.47	0	0	true
7	1	241	395	7.73	3.39	0	0	false
7	2	261	403	7.48	3.44	0	0	false
7	3	291	402	7.68	3.57	0	0	false
7	4	276	371	7.74	3.17	0	0	false
7	5	279	386	7.49	3.59	0	0	false
7	6	256	372	7.48	3.29	0	0	false
7	7	451	81	5.31	1.5	0	1	true
7	8	455	81	5.11	1.21	0	1	false
7	9	467	55	5.31	1.34	0	1	false
7	10	266	388	5.54	1.65	0	1	false
7	11	241	388	5.38	1.57	0	1	false
7	12	266	388	5.19	1.44	0	1	false
7	13	266	388	5.15	1.38	0	1	false
7	14	266	388	5.06	1.27	0	1	false
8	0	256	387	7.5	3.47	0	0	true
8	1	234	393	7.13	3.52	0	0	false
8	2	254	400	7.57	3.3	0	0	false
8	3	284	399	7.67	3.3	0	0	false
8	4	268	371	7.57	3.39	0	0	false
8	5	272	382	7.73	3.44	0	0	false
8	6	249	371	7.87	3.53	0	0	false
8	7	452	87	5.31	1.5	0	1	true
8	8	457	85	5.44	1.29	0	1	false
8	9	468	60	5.08	1.36	0	1	false
8	10	259	386	5.49	1.57	0	1	false
8	11	234	386	5.19	1.5	0	1	false
8	12	259	386	5.55	1.47	0	1	false
8	13	259	386	5.4	1.79	0	1	false
8	14	259	386	5.52	1.44	0	1	false
9	0	248	385	7.5	3.47	0	0	true
9	1	227	391	7.5	3.21	0	0	false
9	2	246	399	7.57	3.61	0	0	false
9	3	276	398	7.68	3.53	0	0	false
9	4	260	369	7.34	3.73	0	0	false
9	5	265	380	7.56	3.59	0	0	false
9	6	242	368	7.77	3.26	0	0	false
9	7	452	92	5.31	1.5	0	1	true
9	8	458	91	5.22	1.53	0	1	false
9	9	469	65	5.17	1.41	0	1	false
9	10	252	384	5.12	1.63	0	1	false
9	11	227	384	5.11	1.56	0	1	false
9	12	252	384	5.11	1.5	0	1	false
9	13	252	384	5.32	1.29	0	1	false
9	14	252	384	5.46	1.23	0	1	false
10	0	241	382	7.5	3.47	0	0	true
10	1	220	390	7.63	3.32	0	0	false
10	2	240	396	7.76	3.47	0	0	false
10	3	269	395	7.53	3.35	0	0	false
10	4	254	365	7.87	3.39	0	0	false
10	5	258	377	7.79	3.21	0	0	false
10	6	234	367	7.87	3.18	0	0	false
10	7	452	97	5.31	1.5	0	1	true
10	8	458	96	5.55	1.6	0	1	false
10	9	470	70	5.31	1.3	0	1	false
10	10	245	381	5.13	1.61	0	1	false
10	11	220	381	5.48	1.6	0	1	false
10	12	245	381	5.35	1.25	0	1	false
10	13	245	381	5.37	1.36	0	1	false
10	14	245	381	5.5	1.21	0	1	false
11	0	234	380	7.5	3.47	0	0	true
11	1	212	389	7.49	3.66	0	0	false
11	2	232	393	7.78	3.78	0	0	false
11	3	262	393	7.19	3.25	0	0	false
11	4	247	363	7.21	3.3	0	0	false
11	5	250	376	7.32	3.43	0	0	false
11	6	226	367	7.56	3.57	0	0	false
11	7	453	103	5.31	1.5	0	1	true
11	8	458	101	5.43	1.52	0	1	false
11	9	472	75	5.13	1.76	0	1	false
11	10	237	380	5.46	1.57	0	1	false
11	11	212	380	5.22	1.76	0	1	false
11	12	237	380	5.25	1.58	0	1	false
11	13	237	380	5.51	1.69	0	1	false
11	14	237	380	5.14	1.71	0	1	false
12	0	227	377	7.5	3.47	0	0	true
12	1	206	385	7.14	3.22	0	0	false
12	2	226	389	7.77	3.5	0	0	false
12	3	254	393	7.49	3.26	0	0	false
12	4	240	362	7.48	3.32	0	0	false
12	5	243	374	7.36	3.55	0	0	false
12	6	219	363	7.16	3.66	0	0	false
12	7	453	108	5.31	1.5	0	1	true
12	8	459	107	5.07	1.73	0	1	false
12	9	471	80	5.45	1.8	0	1	false
12	10	230	377	5.14	1.6	0	1	false
12	11	205	377	5.14	1.24	0	1	false
12	12	230	377	5.36	1.41	0	1	false
12	13	230	377	5.36	1.27	0	1	false
12	14	230	377	5.25	1.57	0	1	false
13	0	220	375	7.5	3.47	0	0	true
13	1	199	385	7.28	3.53	0	0	false
13	2	219	386	7.69	3.49	0	0	false
13	3	247	392	7.3	3.62	0	0	false
13	4	232	361	7.2	3.43	0	0	false
13	5	237	371	7.28	3.39	0	0	false
13	6	213	360	7.59	3.25	0	0	false
13	7	453	113	5.31	1.5	0	1	true
13	8	458	112	5.36	1.26	0	1	false
13	9	469	85	5.56	1.37	0	1	false
13	10	223	375	5.56	1.29	0	1	false
13	11	198	375	5.57	1.41	0	1	false
13	12	223	375	5.47	1.58	0	1	false
13	13	223	375	5.36	1.3	0	1	false
13	14	223	375	5.18	1.72	0	1	false
14	0	213	373	7.5	3.47	0	0	true
14	1	192	382	7.17	3.3	0	0	false
14	2	212	383	7.59	3.68	0	0	false
14	3	241	388	7.51	3.17	0	0	false
14	4	225	359	7.87	3.16	0	0	false
14	5	229	370	7.55	3.51	0	0	false
14	6	205	359	7.54	3.45	0	0	false
14	7	454	118	5.31	1.5	0	1	true
14	8	459	117	5.05	1.56	0	1	false
14	9	471	91	5.17	1.64	0	1	false
14	10	216	373	5.42	1.62	0	1	false
14	11	191	373	5.47	1.66	0	1	false
14	12	216	373	5.29	1.55	0	1	false
14	13	216	373	5.13	1.77	0	1	false
14	14	216	373	5.53	1.72	0	1	false
15	0	206	370	7.5	3.47	0	0	true
15	1	185	381	7.83	3.17	0	0	false
15	2	205	379	7.19	3.59	0	0	false
15	3	233	388	7.55	3.56	0	0	false
15	4	217	359	7.53	3.54	0	0	false
15	5	222	367	7.27	3.33	0	0	false
15	6	198	357	7.47	3.33	0	0	false
15	7	454	124	5.31	1.5	0	1	true
15	8	459	122	5.42	1.28	0	1	false
15	9	470	96	5.34	1.72	0	1	false
15	10	209	371	5.23	1.33	0	1	false
15	11	184	371	5.18	1.42	0	1	false
15	12	209	371	5.21	1.63	0	1	false
15	13	209	371	5.34	1.8	0	1	false
15	14	209	371	5.51	1.75	0	1	false
16	0	199	368	7.5	3.47	0	0	true
16	1	177	380	7.35	3.17	0	0	false
16	2	199	376	7.38	3.25	0	0	false
16	3	226	385	7.57	3.45	0	0	false
16	4	210	356	7.29	3.43	0	0	false
16	5	215	365	7.44	3.33	0	0	false
16	6	191	355	7.46	3.45	0	0	false
16	7	455	129	5.31	1.5	0	1	true
16	8	461	127	5.35	1.41	0	1	false
16	9	469	101	5.42	1.65	0	1	false
16	10	202	369	5.22	1.35	0	1	false
16	11	177	369	5.46	1.4	0	1	false
16	12	202	369	5.48	1.63	0	1	false
16	13	202	369	5.29	1.23	0	1	false
16	14	202	369	5.3	1.28	0	1	false
17	0	192	365	7.5	3.47	0	0	true
17	1	170	380	7.44	3.74	0	0	false
17	2	191	375	7.36	3.5	0	0	false
17	3	219	383	7.68	3.66	0	0	false
17	4	203	354	7.49	3.31	0	0	false
17	5	208	364	7.3	3.47	0	0	false
17	6	184	353	7.67	3.77	0	0	false
17	7	455	134	5.31	1.5	0	1	true
17	8	462	132	5.46	1.34	0	1	false
17	9	469	107	5.05	1.39	0	1	false
17	10	195	367	5.42	1.56	0	1	false
17	11	170	367	5.27	1.79	0	1	false
17	12	195	367	5.41	1.33	0	1	false
17	13	195	367	5.08	1.81	0	1	false
17	14	195	367	5.16	1.62	0	1	false
18	0	184	363	7.5	3.47	0	0	true
18	1	164	376	7.67	3.38	0	0	false
18	2	184	373	7.31	3.17	0	0	false
18	3	212	379	7.44	3.43	0	0	false
18	4	196	352	7.14	3.76	0	0	false
18	5	201	362	7.81	3.26	0	0	false
18	6	178	349	7.64	3.36	0	0	false
18	7	455	140	5.31	1.5	0	1	true
18	8	463	138	5.21	1.75	0	1	false
18	9	470	112	5.21	1.46	0	1	false
18	10	188	364	5.31	1.72	0	1	false
18	11	163	364	5.09	1.66	0	1	false
18	12	188	364	5.4	1.52	0	1	false
18	13	188	364	5.43	1.73	0	1	false
18	14	188	364	5.3	1.27	0	1	false
19	0	177	361	7.5	3.47	0	0	true
19	1	156	374	7.62	3.38	0	0	false
19	2	177	373	7.49	3.44	0	0	false
19	3	205	377	7.65	3.56	0	0	false
19	4	190	348	7.36	3.45	0	0	false
19	5	193	361	7.16	3.68	0	0	false
19	6	170	347	7.32	3.64	0	0	false
19	7	456	145	5.31	1.5	0	1	true
19	8	462	143	5.32	1.6	0	1	false
19	9	470	117	5.49	1.57	0	1	false
19	10	181	363	5.52	1.5	0	1	false
19	11	156	363	5.19	1.37	0	1	false
19	12	181	363	5.05	1.46	0	1	false
19	13	181	363	5.49	1.21	0	1	false
19	14	181	363	5.11	1.7	0	1	false
20	0	170	358	7.5	3.47	0	0	true
20	1	149	372	7.79	3.34	0	0	false
20	2	170	370	7.15	3.35	0	0	false
20	3	198	374	7.14	3.59	0	0	false
20	4	183	346	7.3	3.53	0	0	false
20	5	187	357	7.87	3.41	0	0	false
20	6	164	343	7.34	3.69	0	0	false
20	7	456	150	5.31	1.5	0	1	true
20	8	462	148	5.08	1.49	0	1	false
20	9	470	122	5.33	1.36	0	1	false
20	10	174	360	5.38	1.25	0	1	false
20	11	149	360	5.43	1.72	0	1	false
20	12	174	360	5.1	1.27	0	1	false
20	13	174	360	5.53	1.77	0	1	false
20	14	174	360	5.08	1.73	0	1	false
21	0	171	353	5.93	4.92	0	0	true
21	1	141	371	5.66	5.08	0	0	false
21	2	163	369	5.98	4.66	0	0	false
21	3	192	371	6.1	4.69	0	0	false
21	4	177	343	5.76	4.88	0	0	false
21	5	180	355	6.12	5.08	0	0	false
21	6	157	340	6.07	5.12	0	0	false
21	7	454	144	6.47	4.44	0	1	true
21	8	462	153	6.31	4.7	0	1	false
21	9	472	127	6.41	4.49	0	1	false
21	10	168	357	6.42	4.71	0	1	false
21	11	143	357	6.28	4.46	0	1	false
21	12	168	357	6.72	4.17	0	1	false
21	13	168	357	6.17	4.26	0	1	false
21	14	168	357	6.31	4.37	0	1	false
22	0	173	347	5.93	4.92	0	0	true
22	1	143	366	5.98	4.7	0	0	false
22	2	163	363	6.1	5.05	0	0	false
22	3	192	365	6.12	4.92	0	0	false
22	4	177	338	6.04	4.86	0	0	false
22	5	182	349	5.65	5.01	0	0	false
22	6	160	334	5.82	4.8	0	0	false
22	7	452	138	6.47	4.44	0	1	true
22	8	462	147	6.77	4.49	0	1	false
22	9	470	121	6.79	4.35	0	1	false
22	10	170	351	6.25	4.57	0	1	false
22	11	170	376	6.58	4.44	0	1	false
22	12	170	351	6.66	4.44	0	1	false
22	13	170	351	6.68	4.38	0	1	false
22	14	170	351	6.71	4.41	0	1	false
23	0	174	341	5.93	4.92	0	0	true
23	1	143	360	5.65	4.62	0	0	false
23	2	165	357	6	4.74	0	0	false
23	3	193	359	5.73	4.8	0	0	false
23	4	178	332	5.79	4.86	0	0	false
23	5	183	344	6.16	4.95	0	0	false
23	6	160	328	6.14	4.83	0	0	false
23	7	451	132	6.47	4.44	0	1	true
23	8	461	140	6.74	4.47	0	1	false
23	9	468	115	6.46	4.54	0	1	false
23	10	170	345	6.72	4.24	0	1	false
23	11	195	345	6.34	4.22	0	1	false
23	12	145	345	6.39	4.51	0	1	false
23	13	170	345	6.33	4.72	0	1	false
23	14	170	345	6.22	4.45	0	1	false
24	0	175	335	5.93	4.92	0	0	true
24	1	142	354	5.95	4.88	0	0	false
24	2	165	351	6.1	4.98	0	0	false
24	3	193	353	5.81	4.88	0	0	false
24	4	179	326	6.23	5.08	0	0	false
24	5	185	338	5.69	5.22	0	0	false
24	6	161	322	5.92	5.02	0	0	false
24	7	449	125	6.47	4.44	0	1	true
24	8	459	134	6.41	4.46	0	1	false
24	9	467	109	6.34	4.66	0	1	false
24	10	171	339	6.45	4.37	0	1	false
24	11	171	364	6.27	4.6	0	1	false
24	12	146	339	6.55	4.17	0	1	false
24	13	171	339	6.53	4.36	0	1	false
24	14	171	339	6.59	4.71	0	1	false
25	0	176	329	5.93	4.92	0	0	true
25	1	143	348	5.88	5.05	0	0	false
25	2	166	345	6.08	4.88	0	0	false
25	3	194	347	6.08	4.85	0	0	false
25	4	181	320	5.81	4.86	0	0	false
25	5	188	333	5.96	4.78	0	0	false
25	6	163	316	5.65	4.82	0	0	false
25	7	447	119	6.47	4.44	0	1	true
25	8	458	128	6.42	4.29	0	1	false
25	9	466	102	6.73	4.22	0	1	false
25	10	173	334	6.64	4.52	0	1	false
25	11	148	334	6.27	4.25	0	1	false
25	12	173	334	6.3	4.46	0	1	false
25	13	173	334	6.56	4.13	0	1	false
25	14	173	334	6.37	4.49	0	1	false
26	0	178	324	5.93	4.92	0	0	true
26	1	145	343	5.89	4.94	0	0	false
26	2	167	339	5.86	4.91	0	0	false
26	3	195	341	5.63	4.87	0	0	false
26	4	182	314	5.65	4.73	0	0	false
26	5	188	327	6.18	4.81	0	0	false
26	6	163	311	5.7	4.62	0	0	false
26	7	445	113	6.47	4.44	0	1	true
26	8	455	122	6.4	4.6	0	1	false
26	9	463	96	6.79	4.75	0	1	false
26	10	174	328	6.18	4.31	0	1	false
26	11	149	328	6.77	4.67	0	1	false
26	12	174	328	6.28	4.36	0	1	false
26	13	174	328	6.62	4.34	0	1	false
26	14	174	328	6.35	4.18	0	1	false
27	0	179	318	5.93	4.92	0	0	true
27	1	147	337	6.14	4.94	0	0	false
27	2	169	334	6.08	5.06	0	0	false
27	3	196	336	6.07	5.14	0	0	false
27	4	182	309	5.75	4.73	0	0	false
27	5	189	321	5.64	4.68	0	0	false
27	6	163	305	6.05	5.15	0	0	false
27	7	444	107	6.47	4.44	0	1	true
27	8	454	115	6.54	4.62	0	1	false
27	9	463	89	6.47	4.35	0	1	false
27	10	175	322	6.59	4.66	0	1	false
27	11	175	347	6.75	4.28	0	1	false
27	12	175	322	6.64	4.58	0	1	false
27	13	175	322	6.61	4.23	0	1	false
27	14	175	322	6.79	4.14	0	1	false
28	0	180	312	5.93	4.92	0	0	true
28	1	148	331	5.92	4.94	0	0	false
28	2	171	328	5.98	5.17	0	0	false
28	3	198	330	5.68	4.64	0	0	false
28	4	183	303	5.83	5.22	0	0	false
28	5	189	315	6.2	4.63	0	0	false
28	6	166	300	5.99	4.62	0	0	false
28	7	442	100	6.47	4.44	0	1	true
28	8	454	109	6.46	4.67	0	1	false
28	9	461	83	6.74	4.35	0	1	false
28	10	176	317	6.72	4.43	0	1	false
28	11	201	317	6.44	4.51	0	1	false
28	12	151	317	6.54	4.46	0	1	false
28	13	176	317	6.22	4.44	0	1	false
28	14	176	317	6.22	4.71	0	1	false
29	0	181	306	5.93	4.92	0	0	true
29	1	150	325	5.98	5.06	0	0	false
29	2	173	322	6.18	4.91	0	0	false
29	3	198	325	6.01	4.66	0	0	false
29	4	185	298	5.74	4.89	0	0	false
29	5	188	309	6.09	4.87	0	0	false
29	6	165	294	5.92	5.07	0	0	false
29	7	440	94	6.47	4.44	0	1	true
29	8	453	102	6.71	4.42	0	1	false
29	9	459	77	6.35	4.61	0	1	false
29	10	177	311	6.58	4.26	0	1	false
29	11	177	336	6.69	4.41	0	1	false
29	12	152	311	6.44	4.43	0	1	false
29	13	177	311	6.41	4.42	0	1	false
29	14	177	311	6.36	4.13	0	1	false
30	0	182	300	5.93	4.92	0	0	true
30	1	152	319	5.89	4.97	0	0	false
30	2	175	316	6.14	4.89	0	0	false
30	3	198	319	5.86	5	0	0	false
30	4	186	292	6.01	4.61	0	0	false
30	5	189	303	6.03	5.04	0	0	false
30	6	167	288	5.96	4.65	0	0	false
30	7	438	88	6.47	4.44	0	1	true
30	8	452	96	6.42	4.24	0	1	false
30	9	458	71	6.72	4.48	0	1	false
30	10	178	305	6.73	4.4	0	1	false
30	11	153	305	6.77	4.23	0	1	false
30	12	178	305	6.38	4.21	0	1	false
30	13	178	305	6.59	4.61	0	1	false
30	14	178	305	6.42	4.72	0	1	false
31	0	184	294	5.93	4.92	0	0	true
31	1	153	314	6.14	4.97	0	0	false
31	2	176	310	5.77	4.96	0	0	false
31	3	199	313	6.09	4.68	0	0	false
31	4	186	286	5.8	4.77	0	0	false
31	5	191	297	5.79	4.74	0	0	false
31	6	167	282	5.83	4.93	0	0	false
31	7	437	82	6.47	4.44	0	1	true
31	8	449	90	6.41	4.44	0	1	false
31	9	456	64	6.7	4.23	0	1	false
31	10	179	299	6.21	4.61	0	1	false
31	11	154	299	6.79	4.38	0	1	false
31	12	179	299	6.25	4.26	0	1	false
31	13	179	299	6.52	4.44	0	1	false
31	14	179	299	6.42	4.64	0	1	false
32	0	185	289	5.93	4.92	0	0	true
32	1	155	308	5.86	5.23	0	0	false
32	2	177	305	6.16	4.74	0	0	false
32	3	199	307	5.63	5.2	0	0	false
32	4	186	280	5.85	5.05	0	0	false
32	5	191	292	5.76	4.61	0	0	false
32	6	168	277	6.03	5.14	0	0	false
32	7	435	76	6.47	4.44	0	1	true
32	8	447	84	6.65	4.61	0	1	false
32	9	453	58	6.19	4.71	0	1	false
32	10	180	294	6.48	4.16	0	1	false
32	11	155	294	6.74	4.5	0	1	false
32	12	180	294	6.57	4.31	0	1	false
32	13	180	294	6.31	4.34	0	1	false
32	14	180	294	6.3	4.69	0	1	false
33	0	186	283	5.93	4.92	0	0	true
33	1	158	303	6.13	4.71	0	0	false
33	2	177	299	5.65	4.62	0	0	false
33	3	202	302	5.78	5	0	0	false
33	4	188	275	6.03	5.02	0	0	false
33	5	190	286	6.21	5.03	0	0	false
33	6	170	271	5.7	4.91	0	0	false
33	7	433	69	6.47	4.44	0	1	true
33	8	446	78	6.26	4.33	0	1	false
33	9	453	52	6.59	4.19	0	1	false
33	10	181	288	6.36	4.14	0	1	false
33	11	181	313	6.73	4.26	0	1	false
33	12	181	288	6.71	4.21	0	1	false
33	13	181	288	6.52	4.68	0	1	false
33	14	181	288	6.71	4.21	0	1	false
34	0	187	277	5.93	4.92	0	0	true
34	1	158	297	6.08	5.04	0	0	false
34	2	177	293	5.83	4.93	0	0	false
34	3	203	296	5.71	5.13	0	0	false
34	4	190	269	5.8	4.73	0	0	false
34	5	192	280	5.96	4.62	0	0	false
34	6	172	265	5.8	5.12	0	0	false
34	7	431	63	6.47	4.44	0	1	true
34	8	444	72	6.62	4.2	0	1	false
34	9	450	46	6.45	4.57	0	1	false
34	10	182	282	6.65	4.28	0	1	false
34	11	182	307	6.61	4.2	0	1	false
34	12	182	282	6.61	4.73	0	1	false
34	13	182	282	6.23	4.38	0	1	false
34	14	182	282	6.31	4.22	0	1	false
35	0	189	271	5.93	4.92	0	0	true
35	1	159	291	5.89	5.17	0	0	false
35	2	178	287	5.83	4.67	0	0	false
35	3	206	291	5.72	4.65	0	0	false
35	4	190	263	5.64	4.64	0	0	false
35	5	192	274	5.93	5.21	0	0	false
35	6	174	260	6.1	4.89	0	0	false
35	7	429	57	6.47	4.44	0	1	true
35	8	441	66	6.2	4.68	0	1	false
35	9	449	40	6.52	4.21	0	1	false
35	10	184	276	6.2	4.13	0	1	false
35	11	184	301	6.48	4.26	0	1	false
35	12	184	276	6.16	4.74	0	1	false
35	13	184	276	6.41	4.32	0	1	false
35	14	184	276	6.65	4.66	0	1	false
36	0	190	265	5.93	4.92	0	0	true
36	1	162	286	5.87	4.95	0	0	false
36	2	178	281	5.96	5.14	0	0	false
36	3	205	285	6.08	4.76	0	0	false
36	4	190	258	5.73	4.79	0	0	false
36	5	195	269	6.16	5.16	0	0	false
36	6	175	254	5.84	4.78	0	0	false
36	7	428	51	6.47	4.44	0	1	true
36	8	441	60	6.53	4.17	0	1	false
36	9	446	34	6.72	4.31	0	1	false
36	10	185	271	6.49	4.18	0	1	false
36	11	185	271	6.38	4.19	0	1	false
36	12	185	271	6.58	4.3	0	1	false
36	13	185	271	6.43	4.37	0	1	false
36	14	185	271	6.68	4.27	0	1	false
37	0	191	260	5.93	4.92	0	0	true
37	1	163	280	5.64	4.8	0	0	false
37	2	180	276	5.66	4.99	0	0	false
37	3	206	279	6.12	4.9	0	0	false
37	4	190	252	6.22	5.09	0	0	false
37	5	197	263	5.69	5	0	0	false
37	6	175	248	6.06	4.97	0	0	false
37	7	426	44	6.47	4.44	0	1	true
37	8	437	54	6.32	4.5	0	1	false
37	9	443	28	6.77	4.71	0	1	false
37	10	186	265	6.4	4.61	0	1	false
37	11	186	265	6.53	4.53	0	1	false
37	12	186	265	6.17	4.66	0	1	false
37	13	186	265	6.54	4.32	0	1	false
37	14	186	265	6.16	4.28	0	1	false
38	0	192	254	5.93	4.92	0	0	true
38	1	164	274	5.93	4.9	0	0	false
38	2	182	271	6.03	5.21	0	0	false
38	3	207	273	6	4.87	0	0	false
38	4	192	246	5.73	4.67	0	0	false
38	5	199	258	6	4.87	0	0	false
38	6	177	242	6.15	5.05	0	0	false
38	7	424	38	6.47	4.44	0	1	true
38	8	436	48	6.69	4.46	0	1	false
38	9	443	21	6.73	4.49	0	1	false
38	10	187	259	6.36	4.34	0	1	false
38	11	162	259	6.2	4.6	0	1	false
38	12	187	259	6.39	4.47	0	1	false
38	13	187	259	6.42	4.17	0	1	false
38	14	187	259	6.41	4.71	0	1	false
39	0	194	248	5.93	4.92	0	0	true
39	1	165	268	6.21	4.88	0	0	false
39	2	185	265	5.78	4.93	0	0	false
39	3	208	267	5.96	5.14	0	0	false
39	4	192	240	6.01	5.12	0	0	false
39	5	200	252	6.1	4.75	0	0	false
39	6	179	237	5.96	5.15	0	0	false
39	7	422	32	6.47	4.44	0	1	true
39	8	434	41	6.3	4.43	0	1	false
39	9	442	15	6.15	4.68	0	1	false
39	10	189	253	6.23	4.39	0	1	false
39	11	189	253	6.33	4.4	0	1	false
39	12	189	253	6.4	4.55	0	1	false
39	13	189	253	6.79	4.42	0	1	false
39	14	189	253	6.37	4.74	0	1	false
40	0	195	242	5.93	4.92	0	0	true
40	1	166	262	6.15	4.65	0	0	false
40	2	186	260	5.97	4.91	0	0	false
40	3	210	262	5.97	5.16	0	0	false
40	4	194	235	5.95	5.19	0	0	false
40	5	200	246	5.91	5.18	0	0	false
40	6	181	231	5.7	5.13	0	0	false
40	7	421	26	6.47	4.44	0	1	true
40	8	432	35	6.71	4.72	0	1	false
40	9	442	9	6.2	4.54	0	1	false
40	10	190	248	6.52	4.27	0	1	false
40	11	165	248	6.19	4.32	0	1	false
40	12	190	248	6.21	4.23	0	1	false
40	13	190	248	6.2	4.38	0	1	false
40	14	190	248	6.75	4.14	0	1	false
41	0	196	236	6.24	4.88	0	0	true
41	1	166	256	6.04	5.15	0	0	false
41	2	187	254	6.14	5	0	0	false
41	3	213	257	6.41	4.68	0	0	false
41	4	197	230	6.48	4.96	0	0	false
41	5	203	240	6.12	4.6	0	0	false
41	6	184	226	5.99	4.6	0	0	false
41	7	417	34	9.03	1.99	0	1	true
41	8	432	29	9.24	1.72	0	1	false
41	9	441	3	8.65	1.81	0	1	false
41	10	192	242	9.17	2.23	0	1	false
41	11	192	267	9.21	1.7	0	1	false
41	12	192	242	8.69	2.12	0	1	false
41	13	192	242	9.33	1.71	0	1	false
41	14	192	242	9.06	2.15	0	1	false
42	0	197	230	6.24	4.88	0	0	true
42	1	168	251	5.96	5.13	0	0	false
42	2	189	248	6.24	4.61	0	0	false
42	3	213	250	6.06	4.8	0	0	false
42	4	199	223	6.01	4.7	0	0	false
42	5	202	234	6.45	4.96	0	0	false
42	6	183	220	6.09	4.58	0	0	false
42	7	413	42	9.03	1.99	0	1	true
42	8	431	38	9.39	2.11	0	1	false
42	9	439	11	9.03	1.82	0	1	false
42	10	193	236	9.16	1.8	0	1	false
42	11	193	236	8.64	2.03	0	1	false
42	12	193	236	9.3	2.19	0	1	false
42	13	193	236	9.46	1.99	0	1	false
42	14	193	236	9.44	2.11	0	1	false
43	0	198	224	6.24	4.88	0	0	true
43	1	171	245	6.12	4.59	0	0	false
43	2	188	242	6.19	5.08	0	0	false
43	3	213	244	6.51	5.16	0	0	false
43	4	199	217	6.3	4.9	0	0	false
43	5	204	228	6.41	4.79	0	0	false
43	6	182	214	6.08	4.97	0	0	false
43	7	410	50	9.03	1.99	0	1	true
43	8	426	46	9.23	1.93	0	1	false
43	9	436	20	8.76	1.91	0	1	false
43	10	193	230	9.46	2.11	0	1	false
43	11	193	230	8.85	1.85	0	1	false
43	12	193	230	9.38	1.72	0	1	false
43	13	193	230	9.37	2.2	0	1	false
43	14	193	230	9.12	2.01	0	1	false
44	0	199	218	6.24	4.88	0	0	true
44	1	170	239	6.25	5.09	0	0	false
44	2	190	236	6.23	4.97	0	0	false
44	3	216	238	6.18	4.59	0	0	false
44	4	200	211	6.17	4.8	0	0	false
44	5	204	222	5.99	4.68	0	0	false
44	6	184	208	6.35	4.9	0	0	false
44	7	406	59	9.03	1.99	0	1	true
44	8	423	55	9.29	2.19	0	1	false
44	9	433	28	8.78	2.08	0	1	false
44	10	194	224	9.18	1.77	0	1	false
44	11	194	249	8.72	2.27	0	1	false
44	12	194	224	8.63	1.94	0	1	false
44	13	194	224	9.15	2.15	0	1	false
44	14	194	224	8.73	2.08	0	1	false
45	0	200	212	6.24	4.88	0	0	true
45	1	172	233	6.01	4.96	0	0	false
45	2	192	230	6.39	5.17	0	0	false
45	3	215	232	6.33	5.09	0	0	false
45	4	200	205	6.3	4.92	0	0	false
45	5	204	216	6.13	4.95	0	0	false
45	6	185	202	6.3	4.68	0	0	false
45	7	402	67	9.03	1.99	0	1	true
45	8	418	62	8.89	1.76	0	1	false
45	9	429	36	9.06	2.08	0	1	false
45	10	195	218	8.94	1.74	0	1	false
45	11	195	218	8.93	1.73	0	1	false
45	12	195	218	9.22	2.2	0	1	false
45	13	195	218	9.08	2.08	0	1	false
45	14	195	218	9.47	2.19	0	1	false
46	0	201	205	6.24	4.88	0	0	true
46	1	174	227	5.95	4.97	0	0	false
46	2	195	224	6.1	4.7	0	0	false
46	3	217	226	6.55	4.89	0	0	false
46	4	202	199	6.36	4.66	0	0	false
46	5	205	210	6.12	4.63	0	0	false
46	6	185	196	6.07	4.87	0	0	false
46	7	399	75	9.03	1.99	0	1	true
46	8	416	71	9.44	2.2	0	1	false
46	9	425	44	8.71	1.78	0	1	false
46	10	197	212	8.63	2.07	0	1	false
46	11	197	212	8.83	2.11	0	1	false
46	12	197	212	8.63	1.91	0	1	false
46	13	197	212	9.18	1.79	0	1	false
46	14	197	212	9.12	2.3	0	1	false
47	0	202	199	6.24	4.88	0	0	true
47	1	175	222	6.01	5.14	0	0	false
47	2	195	218	6.33	5.04	0	0	false
47	3	219	220	6.05	4.71	0	0	false
47	4	201	193	6.15	4.77	0	0	false
47	5	205	204	6.07	4.9	0	0	false
47	6	186	190	6.19	5.18	0	0	false
47	7	395	83	9.03	1.99	0	1	true
47	8	410	78	8.71	1.8	0	1	false
47	9	423	52	9.42	2.09	0	1	false
47	10	197	206	8.92	2.09	0	1	false
47	11	197	231	9.38	1.72	0	1	false
47	12	197	206	8.76	1.79	0	1	false
47	13	197	206	8.66	2.04	0	1	false
47	14	197	206	8.61	2.28	0	1	false
48	0	203	193	6.24	4.88	0	0	true
48	1	178	216	5.98	4.58	0	0	false
48	2	197	212	6.31	4.78	0	0	false
48	3	219	214	6.22	4.78	0	0	false
48	4	202	186	6.17	4.75	0	0	false
48	5	206	198	6.54	5.13	0	0	false
48	6	188	184	6.06	4.9	0	0	false
48	7	391	92	9.03	1.99	0	1	true
48	8	408	87	9.1	2.02	0	1	false
48	9	418	60	8.78	2	0	1	false
48	10	199	200	9.09	2.16	0	1	false
48	11	199	200	8.87	1.83	0	1	false
48	12	199	200	8.69	1.87	0	1	false
48	13	199	200	8.71	1.83	0	1	false
48	14	199	200	9.46	1.72	0	1	false
49	0	204	187	6.24	4.88	0	0	true
49	1	177	210	5.93	4.68	0	0	false
49	2	197	206	6.25	5.14	0	0	false
49	3	219	207	6.13	4.58	0	0	false
49	4	202	180	6.14	4.88	0	0	false
49	5	209	192	6.45	5.04	0	0	false
49	6	190	178	6.53	5.12	0	0	false
49	7	388	100	9.03	1.99	0	1	true
49	8	404	95	9.26	2	0	1	false
49	9	415	68	9.09	2.18	0	1	false
49	10	199	194	9.21	2.19	0	1	false
49	11	199	194	9.04	2.28	0	1	false
49	12	199	194	8.85	1.96	0	1	false
49	13	199	194	9.43	2.01	0	1	false
49	14	199	194	9.16	2.19	0	1	false
50	0	205	181	6.24	4.88	0	0	true
50	1	177	204	6.42	4.9	0	0	false
50	2	200	200	6.06	4.65	0	0	false
50	3	218	201	6.11	5.04	0	0	false
50	4	203	174	6.43	5.01	0	0	false
50	5	211	186	6.08	4.78	0	0	false
50	6	192	172	6.14	4.87	0	0	false
50	7	384	108	9.03	1.99	0	1	true
50	8	401	104	8.97	1.77	0	1	false
50	9	409	76	9.31	1.73	0	1	false
50	10	200	188	8.84	2.21	0	1	false
50	11	200	188	9.18	1.76	0	1	false
50	12	200	188	8.77	2.03	0	1	false
50	13	200	188	9.19	2.17	0	1	false
50	14	200	188	9.04	1.69	0	1	false
51	0	206	175	6.24	4.88	0	0	true
51	1	178	198	6.49	4.69	0	0	false
51	2	199	194	6.12	4.67	0	0	false
51	3	220	196	6.55	4.85	0	0	false
51	4	205	168	6.24	4.62	0	0	false
51	5	211	180	6.29	4.76	0	0	false
51	6	193	166	5.99	4.75	0	0	false
51	7	380	116	9.03	1.99	0	1	true
51	8	399	112	9.04	2.13	0	1	false
51	9	408	85	9.26	1.7	0	1	false
51	10	201	182	8.66	2.21	0	1	false
51	11	201	182	9.01	1.98	0	1	false
51	12	201	182	8.75	1.71	0	1	false
51	13	201	182	8.98	2.09	0	1	false
51	14	201	182	9.46	2.11	0	1	false
52	0	207	168	6.24	4.88	0	0	true
52	1	178	192	6.29	4.72	0	0	false
52	2	199	188	6.15	4.64	0	0	false
52	3	221	189	6.27	4.83	0	0	false
52	4	204	162	6.12	5.18	0	0	false
52	5	212	173	5.97	5.15	0	0	false
52	6	193	160	6.38	5.18	0	0	false
52	7	377	125	9.03	1.99	0	1	true
52	8	394	120	9.23	2.17	0	1	false
52	9	407	94	8.95	2.29	0	1	false
52	10	202	176	9.08	2.23	0	1	false
52	11	202	176	9.02	1.94	0	1	false
52	12	202	176	9.12	2.07	0	1	false
52	13	202	176	8.62	1.87	0	1	false
52	14	202	176	9.11	2.19	0	1	false
53	0	208	162	6.24	4.88	0	0	true
53	1	178	185	6.19	4.9	0	0	false
53	2	199	182	6.01	5.03	0	0	false
53	3	222	183	6.09	5.02	0	0	false
53	4	207	156	5.98	4.7	0	0	false
53	5	214	168	6.21	4.61	0	0	false
53	6	196	154	6.41	4.96	0	0	false
53	7	373	133	9.03	1.99	0	1	true
53	8	389	128	8.77	1.92	0	1	false
53	9	401	101	9.25	2.15	0	1	false
53	10	203	170	9.4	1.97	0	1	false
53	11	203	170	8.69	2.29	0	1	false
53	12	203	170	9.06	1.83	0	1	false
53	13	203	170	8.8	2.17	0	1	false
53	14	203	170	8.68	1.68	0	1	false
54	0	210	156	6.24	4.88	0	0	true
54	1	179	179	6.16	5.13	0	0	false
54	2	201	176	6.3	4.9	0	0	false
54	3	224	177	5.96	4.68	0	0	false
54	4	207	150	6.2	5.06	0	0	false
54	5	214	162	5.99	4.78	0	0	false
54	6	198	148	6.17	5.11	0	0	false
54	7	369	141	9.03	1.99	0	1	true
54	8	386	136	8.85	1.93	0	1	false
54	9	396	108	8.79	1.7	0	1	false
54	10	204	164	8.7	2.29	0	1	false
54	11	204	164	9.14	2.12	0	1	false
54	12	204	164	9.43	1.73	0	1	false
54	13	204	164	9.28	1.86	0	1	false
54	14	204	164	9.4	1.75	0	1	false
55	0	211	150	6.24	4.88	0	0	true
55	1	181	174	6.04	5.01	0	0	false
55	2	202	170	6.31	5.13	0	0	false
55	3	224	171	6.39	5.18	0	0	false
55	4	209	145	6.39	4.77	0	0	false
55	5	214	156	6.49	4.88	0	0	false
55	6	200	142	6.26	4.64	0	0	false
55	7	366	149	9.03	1.99	0	1	true
55	8	383	144	8.76	2.06	0	1	false
55	9	395	117	8.93	2.28	0	1	false
55	10	205	158	8.73	2.28	0	1	false
55	11	205	158	8.9	1.91	0	1	false
55	12	205	158	9.43	1.96	0	1	false
55	13	205	158	9.36	1.83	0	1	false
55	14	205	158	9.25	1.94	0	1	false
56	0	212	144	6.24	4.88	0	0	true
56	1	183	168	6.41	5.04	0	0	false
56	2	204	164	5.98	4.88	0	0	false
56	3	226	165	6.21	5.09	0	0	false
56	4	210	138	5.98	4.98	0	0	false
56	5	215	149	6.53	5.09	0	0	false
56	6	200	136	6.05	4.88	0	0	false
56	7	362	158	9.03	1.99	0	1	true
56	8	379	152	9.38	1.96	0	1	false
56	9	389	124	9.06	2.11	0	1	false
56	10	207	152	9.43	1.97	0	1	false
56	11	207	152	8.99	1.97	0	1	false
56	12	207	152	8.6	2.27	0	1	false
56	13	207	152	9.41	2.24	0	1	false
56	14	207	152	8.61	1.71	0	1	false
57	0	213	138	6.24	4.88	0	0	true
57	1	185	162	5.97	4.93	0	0	false
57	2	205	158	6.36	4.6	0	0	false
57	3	229	160	6.09	5.07	0	0	false
57	4	211	132	6.26	5.13	0	0	false
57	5	217	143	6.12	4.63	0	0	false
57	6	201	130	6.36	4.92	0	0	false
57	7	358	166	9.03	1.99	0	1	true
57	8	375	161	8.58	1.85	0	1	false
57	9	384	132	9.41	1.68	0	1	false
57	10	208	146	9.45	1.81	0	1	false
57	11	208	171	8.96	1.76	0	1	false
57	12	208	146	9.06	1.71	0	1	false
57	13	208	146	8.77	1.92	0	1	false
57	14	208	146	8.75	1.99	0	1	false
58	0	214	132	6.24	4.88	0	0	true
58	1	187	156	6.22	4.75	0	0	false
58	2	205	152	6.25	5.04	0	0	false
58	3	231	154	6.54	5.07	0	0	false
58	4	214	127	6.21	4.57	0	0	false
58	5	217	137	6.36	4.9	0	0	false
58	6	202	124	6.23	4.88	0	0	false
58	7	355	174	9.03	1.99	0	1	true
58	8	373	169	8.92	1.76	0	1	false
58	9	383	141	8.71	2.07	0	1	false
58	10	210	140	9.18	2.22	0	1	false
58	11	210	165	8.82	1.88	0	1	false
58	12	210	140	8.59	1.76	0	1	false
58	13	210	140	8.74	2.17	0	1	false
58	14	210	140	8.64	2.27	0	1	false
59	0	215	125	6.24	4.88	0	0	true
59	1	187	150	6.52	4.84	0	0	false
59	2	207	146	6.02	4.79	0	0	false
59	3	233	148	6.27	5.13	0	0	false
59	4	213	121	6.07	4.87	0	0	false
59	5	218	131	6.27	4.92	0	0	false
59	6	203	118	5.93	4.67	0	0	false
59	7	351	182	9.03	1.99	0	1	true
59	8	371	178	8.81	1.78	0	1	false
59	9	379	149	8.74	2.24	0	1	false
59	10	210	134	8.81	2	0	1	false
59	11	235	134	9.23	1.76	0	1	false
59	12	210	134	9.48	1.91	0	1	false
59	13	210	134	9.27	2.18	0	1	false
59	14	210	134	8.9	1.76	0	1	false
60	0	216	119	6.24	4.88	0	0	true
60	1	188	143	6.19	5.11	0	0	false
60	2	207	140	6.56	4.59	0	0	false
60	3	236	142	5.93	4.74	0	0	false
60	4	214	115	6.28	4.76	0	0	false
60	5	219	125	6.28	4.75	0	0	false
60	6	203	112	6.4	4.85	0	0	false
60	7	347	191	9.03	1.99	0	1	true
60	8	369	186	8.91	1.94	0	1	false
60	9	374	156	9.09	2.16	0	1	false
60	10	211	128	9.41	1.94	0	1	false
60	11	236	128	8.61	2.05	0	1	false
60	12	211	128	8.62	1.98	0	1	false
60	13	211	128	8.61	2.09	0	1	false
60	14	211	128	9.25	2.03	0	1	false
61	0	223	119	7.2	0.03	0	0	true
61	1	190	138	6.84	0.26	0	0	false
61	2	206	133	7.05	-0.09	0	0	false
61	3	236	136	7.17	-0.11	0	0	false
61	4	214	108	7.45	0.19	0	0	false
61	5	220	119	7.42	0.15	0	0	false
61	6	204	106	6.85	0.16	0	0	false
61	7	344	183	8	4.35	0	1	true
61	8	366	195	7.78	4.24	0	1	false
61	9	368	163	7.78	4.14	0	1	false
61	10	213	122	8.08	4.47	0	1	false
61	11	238	122	8.22	4.55	0	1	false
61	12	213	122	8.25	4.48	0	1	false
61	13	213	122	7.84	4.45	0	1	false
61	14	213	122	8.37	4.09	0	1	false
62	0	230	120	7.2	0.03	0	0	true
62	1	197	139	7.09	0.24	0	0	false
62	2	213	133	7.04	-0.21	0	0	false
62	3	243	135	7.17	-0.04	0	0	false
62	4	221	110	6.91	0.27	0	0	false
62	5	227	120	7.16	0.19	0	0	false
62	6	210	107	7.37	0.33	0	0	false
62	7	342	176	8	4.35	0	1	true
62	8	362	188	7.68	4.23	0	1	false
62	9	364	157	7.62	4.39	0	1	false
62	10	220	123	7.93	4.15	0	1	false
62	11	220	148	7.88	4.39	0	1	false
62	12	220	123	8.11	4.45	0	1	false
62	13	220	123	7.86	4.48	0	1	false
62	14	220	123	8.26	4.15	0	1	false
63	0	237	120	7.2	0.03	0	0	true
63	1	204	141	6.98	-0.05	0	0	false
63	2	220	131	6.93	0.28	0	0	false
63	3	250	135	6.92	0.29	0	0	false
63	4	228	112	6.9	-0.22	0	0	false
63	5	234	121	7.48	-0.16	0	0	false
63	6	217	109	7.41	0.24	0	0	false
63	7	339	168	8	4.35	0	1	true
63	8	359	181	8.35	4.32	0	1	false
63	9	362	149	8.26	4.24	0	1	false
63	10	227	124	7.7	4.2	0	1	false
63	11	227	149	8.4	4.6	0	1	false
63	12	252	124	8.39	4.24	0	1	false
63	13	227	124	8.05	4.62	0	1	false
63	14	227	124	7.7	4.63	0	1	false
64	0	245	120	7.2	0.03	0	0	true
64	1	211	141	6.98	0.33	0	0	false
64	2	227	133	7.07	-0.24	0	0	false
64	3	257	137	7.43	-0.05	0	0	false
64	4	235	110	7.08	-0.11	0	0	false
64	5	241	120	6.85	-0.05	0	0	false
64	6	225	111	6.86	-0.02	0	0	false
64	7	336	161	8	4.35	0	1	true
64	8	356	173	8.21	4.62	0	1	false
64	9	358	142	7.92	4.41	0	1	false
64	10	234	124	8.04	4.47	0	1	false
64	11	234	149	7.86	4.2	0	1	false
64	12	259	124	7.98	4.12	0	1	false
64	13	234	124	8.35	4.49	0	1	false
64	14	234	124	8.02	4.23	0	1	false
65	0	252	120	7.2	0.03	0	0	true
65	1	217	143	6.97	0.2	0	0	false
65	2	234	132	7.21	-0.05	0	0	false
65	3	264	137	7.02	-0.16	0	0	false
65	4	242	109	7.17	-0.28	0	0	false
65	5	248	119	6.85	0.21	0	0	false
65	6	231	111	7	-0.25	0	0	false
65	7	333	153	8	4.35	0	1	true
65	8	355	165	8.11	4.15	0	1	false
65	9	356	135	8	4.41	0	1	false
65	10	241	124	8.06	4.26	0	1	false
65	11	241	149	7.9	4.6	0	1	false
65	12	266	124	8.36	4.06	0	1	false
65	13	241	124	8.08	4.05	0	1	false
65	14	241	124	7.79	4.15	0	1	false
66	0	259	120	7.2	0.03	0	0	true
66	1	224	144	6.84	0.2	0	0	false
66	2	241	131	7.25	-0.23	0	0	false
66	3	271	136	7.15	0.29	0	0	false
66	4	249	107	7.5	-0.26	0	0	false
66	5	255	121	7.27	0.07	0	0	false
66	6	238	109	7.15	0.15	0	0	false
66	7	330	146	8	4.35	0	1	true
66	8	351	158	8.25	4.24	0	1	false
66	9	353	127	7.66	4.35	0	1	false
66	10	248	124	7.62	4.2	0	1	false
66	11	248	149	7.81	4.51	0	1	false
66	12	273	124	7.79	4.11	0	1	false
66	13	248	124	7.91	4.42	0	1	false
66	14	248	124	8.08	4.37	0	1	false
67	0	266	121	7.2	0.03	0	0	true
67	1	231	146	6.88	-0.18	0	0	false
67	2	248	130	7.35	-0.05	0	0	false
67	3	278	138	6.88	0.28	0	0	false
67	4	256	105	7.56	-0.12	0	0	false
67	5	262	121	6.85	-0.09	0	0	false
67	6	245	110	7.41	-0.03	0	0	false
67	7	327	138	8	4.35	0	1	true
67	8	347	151	8.32	4.22	0	1	false
67	9	351	120	8.16	4.17	0	1	false
67	10	281	128	7.63	4.56	0	1	false
67	11	306	128	7.79	4.33	0	1	false
67	12	281	128	8.4	4.49	0	1	false
67	13	281	128	8.17	4.36	0	1	false
67	14	281	128	8.24	4.64	0	1	false
68	0	273	121	7.2	0.03	0	0	true
68	1	237	144	7.32	0.23	0	0	false
68	2	255	129	7.36	0.14	0	0	false
68	3	285	139	7.35	-0.22	0	0	false
68	4	263	104	6.97	0.14	0	0	false
68	5	269	121	7.43	-0.04	0	0	false
68	6	253	110	7.39	0.28	0	0	false
68	7	325	131	8	4.35	0	1	true
68	8	343	143	7.71	4.08	0	1	false
68	9	346	113	7.65	4.45	0	1	false
68	10	284	125	8.33	4.34	0	1	false
68	11	259	125	8.13	4.33	0	1	false
68	12	259	150	7.81	4.33	0	1	false
68	13	284	125	8.03	4.59	0	1	false
68	14	284	125	7.77	4.38	0	1	false
69	0	281	121	7.2	0.03	0	0	true
69	1	245	146	7.24	0.08	0	0	false
69	2	263	130	6.93	-0.23	0	0	false
69	3	292	138	7.22	0.33	0	0	false
69	4	270	105	7.34	-0.28	0	0	false
69	5	276	120	6.95	0.23	0	0	false
69	6	260	112	7.28	0.18	0	0	false
69	7	322	123	8	4.35	0	1	true
69	8	338	137	8.23	4.25	0	1	false
69	9	345	105	8.37	4.55	0	1	false
69	10	289	123	7.72	4.4	0	1	false
69	11	314	123	7.89	4.07	0	1	false
69	12	289	123	8.32	4.35	0	1	false
69	13	289	123	7.96	4.1	0	1	false
69	14	289	123	7.83	4.13	0	1	false
70	0	288	121	7.2	0.03	0	0	true
70	1	252	147	6.85	-0.17	0	0	false
70	2	269	129	7.01	0.05	0	0	false
70	3	299	140	7.24	0.29	0	0	false
70	4	277	103	7.24	0.02	0	0	false
70	5	283	122	7.31	0.16	0	0	false
70	6	267	113	7.11	-0.01	0	0	false
70	7	319	116	8	4.35	0	1	true
70	8	335	130	7.79	4.25	0	1	false
70	9	343	97	7.92	4.53	0	1	false
70	10	293	121	8.2	4.39	0	1	false
70	11	318	121	7.78	4.06	0	1	false
70	12	293	121	8	4.55	0	1	false
70	13	293	121	8.1	4.58	0	1	false
70	14	293	121	8.26	4.48	0	1	false
71	0	295	121	7.2	0.03	0	0	true
71	1	259	145	6.88	0.06	0	0	false
71	2	276	129	7.34	-0.07	0	0	false
71	3	306	142	7.51	-0.26	0	0	false
71	4	285	104	7.37	0.22	0	0	false
71	5	290	123	7.13	0.27	0	0	false
71	6	274	113	7.25	-0.18	0	0	false
71	7	316	108	8	4.35	0	1	true
71	8	331	123	8.22	4.42	0	1	false
71	9	342	89	8.21	4.32	0	1	false
71	10	297	119	7.76	4.2	0	1	false
71	11	322	119	7.89	4.23	0	1	false
71	12	297	119	7.74	4.55	0	1	false
71	13	297	119	7.87	4.15	0	1	false
71	14	297	119	7.92	4.12	0	1	false
72	0	302	122	7.2	0.03	0	0	true
72	1	265	146	6.95	0.13	0	0	false
72	2	284	129	7.36	-0	0	0	false
72	3	313	140	7.19	0.21	0	0	false
72	4	292	105	7.27	0.24	0	0	false
72	5	297	125	7.3	-0.17	0	0	false
72	6	281	112	7.39	-0.16	0	0	false
72	7	313	101	8	4.35	0	1	true
72	8	329	115	8.09	4.21	0	1	false
72	9	339	82	7.63	4.33	0	1	false
72	10	301	117	7.66	4.33	0	1	false
72	11	301	142	7.67	4.31	0	1	false
72	12	276	142	8.39	4.34	0	1	false
72	13	301	117	7.89	4.48	0	1	false
72	14	301	117	8.29	4.5	0	1	false
73	0	309	122	7.2	0.03	0	0	true
73	1	272	147	7.36	-0.09	0	0	false
73	2	291	128	7.34	0.3	0	0	false
73	3	320	142	7.47	0.31	0	0	false
73	4	299	107	7.31	-0.07	0	0	false
73	5	304	124	7.04	-0.04	0	0	false
73	6	289	111	6.84	0.19	0	0	false
73	7	310	94	8	4.35	0	1	true
73	8	325	108	8.34	4.53	0	1	false
73	9	336	75	7.71	4.58	0	1	false
73	10	305	115	8.34	4.37	0	1	false
73	11	305	140	8.03	4.51	0	1	false
73	12	280	140	8.26	4.5	0	1	false
73	13	305	115	8	4.57	0	1	false
73	14	305	115	7.91	4.45	0	1	false
74	0	317	122	7.2	0.03	0	0	true
74	1	280	146	7.21	-0.22	0	0	false
74	2	298	131	7.31	0.22	0	0	false
74	3	327	144	7.43	-0.17	0	0	false
74	4	306	106	6.92	-0.02	0	0	false
74	5	312	124	7.53	-0.19	0	0	false
74	6	295	112	6.91	-0.05	0	0	false
74	7	307	86	8	4.35	0	1	true
74	8	323	100	8.36	4.06	0	1	false
74	9	335	67	7.77	4.12	0	1	false
74	10	310	113	8.2	4.44	0	1	false
74	11	310	138	8.25	4.58	0	1	false
74	12	285	138	7.72	4.08	0	1	false
74	13	310	113	8.09	4.57	0	1	false
74	14	310	113	7.97	4.37	0	1	false
75	0	324	122	7.2	0.03	0	0	true
75	1	287	145	7.29	0.02	0	0	false
75	2	305	132	6.9	0.21	0	0	false
75	3	334	143	7.09	0.28	0	0	false
75	4	313	106	7.2	-0.26	0	0	false
75	5	319	122	7.44	0.05	0	0	false
75	6	302	112	6.94	0.02	0	0	false
75	7	305	79	8	4.35	0	1	true
75	8	318	93	7.86	4.41	0	1	false
75	9	330	60	7.62	4.38	0	1	false
75	10	313	111	8.26	4.08	0	1	false
75	11	313	136	8.29	4.19	0	1	false
75	12	313	86	7.71	4.36	0	1	false
75	13	313	61	7.98	4.19	0	1	false
75	14	313	111	8.09	4.11	0	1	false
76	0	331	122	7.2	0.03	0	0	true
76	1	294	145	7.1	-0.11	0	0	false
76	2	312	134	7.49	-0.13	0	0	false
76	3	341	145	7	0.27	0	0	false
76	4	320	104	7.37	-0.06	0	0	false
76	5	326	123	7.37	-0.21	0	0	false
76	6	309	112	7.14	-0.26	0	0	false
76	7	302	71	8	4.35	0	1	true
76	8	316	86	8.36	4.16	0	1	false
76	9	328	53	8.08	4.18	0	1	false
76	10	317	109	7.68	4.45	0	1	false
76	11	317	134	7.81	4.55	0	1	false
76	12	317	84	7.94	4.37	0	1	false
76	13	342	134	8.23	4.58	0	1	false
76	14	317	109	7.92	4.1	0	1	false
77	0	338	123	7.2	0.03	0	0	true
77	1	301	144	7.42	0.33	0	0	false
77	2	319	133	6.86	0.09	0	0	false
77	3	348	147	7.29	-0.03	0	0	false
77	4	327	104	7.41	0.08	0	0	false
77	5	334	121	7.27	0.07	0	0	false
77	6	316	110	7.03	0.34	0	0	false
77	7	299	64	8	4.35	0	1	true
77	8	312	78	7.93	4.27	0	1	false
77	9	324	46	8.15	4.61	0	1	false
77	10	321	107	8.12	4.18	0	1	false
77	11	321	132	7.73	4.18	0	1	false
77	12	346	132	8.3	4.15	0	1	false
77	13	321	107	7.69	4.09	0	1	false
77	14	321	107	8.12	4.62	0	1	false
78	0	345	123	7.2	0.03	0	0	true
78	1	308	146	7.03	-0.04	0	0	false
78	2	326	133	7.03	0.01	0	0	false
78	3	355	146	7.31	-0.06	0	0	false
78	4	335	104	7.35	0.29	0	0	false
78	5	341	122	6.88	0.05	0	0	false
78	6	323	112	6.88	-0.11	0	0	false
78	7	296	56	8	4.35	0	1	true
78	8	308	71	7.67	4.21	0	1	false
78	9	323	38	8.07	4.65	0	1	false
78	10	326	105	8.19	4.59	0	1	false
78	11	326	130	7.8	4.41	0	1	false
78	12	326	80	7.72	4.59	0	1	false
78	13	351	130	8.07	4.66	0	1	false
78	14	326	55	8.33	4.05	0	1	false
79	0	353	123	7.2	0.03	0	0	true
79	1	315	146	7.52	-0.1	0	0	false
79	2	333	133	6.93	0.21	0	0	false
79	3	362	146	7.34	-0.15	0	0	false
79	4	342	107	7.4	-0.17	0	0	false
79	5	348	122	7.4	-0.14	0	0	false
79	6	329	111	7.05	0.14	0	0	false
79	7	293	49	8	4.35	0	1	true
79	8	305	65	8.25	4.3	0	1	false
79	9	323	30	8.18	4.48	0	1	false
79	10	340	126	8.09	4.07	0	1	false
79	11	340	151	8.2	4.41	0	1	false
79	12	315	126	7.81	4.41	0	1	false
79	13	340	126	8.14	4.08	0	1	false
79	14	340	126	8.28	4.18	0	1	false
80	0	360	123	7.2	0.03	0	0	true
80	1	323	145	7.4	0.14	0	0	false
80	2	340	135	7.07	0.32	0	0	false
80	3	370	145	7.4	-0.03	0	0	false
80	4	349	105	7.32	-0.13	0	0	false
80	5	355	121	7.05	0.24	0	0	false
80	6	336	112	7.38	0.08	0	0	false
80	7	290	41	8	4.35	0	1	true
80	8	301	57	7.87	4.49	0	1	false
80	9	321	22	8.02	4.11	0	1	false
80	10	347	126	8.07	4.07	0	1	false
80	11	347	151	8.2	4.23	0	1	false
80	12	347	126	8.08	4.43	0	1	false
80	13	347	126	8.02	4.41	0	1	false
80	14	347	126	7.63	4.6	0	1	false
81	0	362	116	7.96	5.04	0	0	true
81	1	330	146	8.35	5.2	0	0	false
81	2	347	137	7.87	4.95	0	0	false
81	3	377	145	8.22	5.28	0	0	false
81	4	356	104	7.59	4.99	0	0	false
81	5	362	123	8.23	5.06	0	0	false
81	6	344	113	7.95	5.06	0	0	false
81	7	293	46	5.63	1.09	0	1	true
81	8	300	49	5.81	0.84	0	1	false
81	9	316	16	5.57	0.96	0	1	false
81	10	354	126	5.48	1.29	0	1	false
81	11	354	151	5.59	0.81	0	1	false
81	12	354	126	5.57	1.06	0	1	false
81	13	354	126	5.89	1.18	0	1	false
81	14	354	126	5.42	1.07	0	1	false
82	0	365	108	7.96	5.04	0	0	true
82	1	334	139	7.7	5.25	0	0	false
82	2	349	129	8.15	5.01	0	0	false
82	3	382	138	8.26	4.77	0	0	false
82	4	358	97	7.75	5.08	0	0	false
82	5	365	115	8.26	5.01	0	0	false
82	6	346	106	8	4.86	0	0	false
82	7	295	51	5.63	1.09	0	1	true
82	8	303	54	5.84	1.24	0	1	false
82	9	319	20	5.56	0.83	0	1	false
82	10	357	118	5.35	1.34	0	1	false
82	11	382	118	5.65	1.28	0	1	false
82	12	357	118	5.52	1.2	0	1	false
82	13	357	118	5.77	1.28	0	1	false
82	14	357	118	5.9	1.11	0	1	false
83	0	368	101	7.96	5.04	0	0	true
83	1	338	132	7.78	5.22	0	0	false
83	2	351	122	8.16	4.82	0	0	false
83	3	382	130	7.72	5.31	0	0	false
83	4	361	90	8.04	5.15	0	0	false
83	5	367	107	8.13	4.82	0	0	false
83	6	348	98	8.32	5.18	0	0	false
83	7	298	56	5.63	1.09	0	1	true
83	8	305	59	5.44	1.25	0	1	false
83	9	323	24	5.82	0.91	0	1	false
83	10	359	111	5.91	1.13	0	1	false
83	11	359	136	5.51	1.19	0	1	false
83	12	359	111	5.86	1.21	0	1	false
83	13	359	111	5.51	1.4	0	1	false
83	14	359	111	5.61	0.83	0	1	false
84	0	370	93	7.96	5.04	0	0	true
84	1	341	126	8.29	5.33	0	0	false
84	2	352	113	7.79	5.16	0	0	false
84	3	386	123	8.14	5.18	0	0	false
84	4	365	83	7.78	5.02	0	0	false
84	5	368	99	7.79	5.28	0	0	false
84	6	351	90	8.05	5.2	0	0	false
84	7	301	61	5.63	1.09	0	1	true
84	8	307	64	5.58	1.33	0	1	false
84	9	327	29	5.76	1.33	0	1	false
84	10	361	103	5.74	1.18	0	1	false
84	11	386	103	5.85	0.94	0	1	false
84	12	361	103	5.42	1.22	0	1	false
84	13	361	103	5.86	1.16	0	1	false
84	14	361	103	5.48	1.07	0	1	false
85	0	373	86	7.96	5.04	0	0	true
85	1	346	119	8.32	5.08	0	0	false
85	2	355	106	7.89	5.04	0	0	false
85	3	390	116	7.58	5.34	0	0	false
85	4	367	75	8.02	5.33	0	0	false
85	5	372	92	7.64	4.74	0	0	false
85	6	355	83	7.85	5.11	0	0	false
85	7	303	66	5.63	1.09	0	1	true
85	8	308	70	5.44	1.32	0	1	false
85	9	328	34	5.44	1.27	0	1	false
85	10	349	84	5.79	0.8	0	1	false
85	11	324	84	5.86	1.29	0	1	false
85	12	324	59	5.7	1	0	1	false
85	13	324	34	5.73	1.11	0	1	false
85	14	349	84	5.89	1.17	0	1	false
86	0	375	78	7.96	5.04	0	0	true
86	1	349	111	8.06	4.89	0	0	false
86	2	358	99	7.62	4.97	0	0	false
86	3	394	110	8.16	4.91	0	0	false
86	4	372	69	8.09	5.28	0	0	false
86	5	372	85	8.04	4.91	0	0	false
86	6	358	76	8.03	5.35	0	0	false
86	7	306	71	5.63	1.09	0	1	true
86	8	310	75	5.4	0.99	0	1	false
86	9	330	40	5.71	1.24	0	1	false
86	10	352	81	5.43	1.22	0	1	false
86	11	327	81	5.54	1.03	0	1	false
86	12	327	56	5.69	1.34	0	1	false
86	13	352	81	5.87	1.26	0	1	false
86	14	352	81	5.58	0.96	0	1	false
87	0	378	71	7.96	5.04	0	0	true
87	1	351	103	7.93	4.97	0	0	false
87	2	360	92	7.84	5.25	0	0	false
87	3	396	102	8.25	5.26	0	0	false
87	4	376	62	8.24	5.25	0	0	false
87	5	374	77	8.1	4.8	0	0	false
87	6	363	69	7.71	4.98	0	0	false
87	7	308	76	5.63	1.09	0	1	true
87	8	313	80	5.36	1.2	0	1	false
87	9	331	45	5.88	0.91	0	1	false
87	10	355	77	5.49	1.2	0	1	false
87	11	330	77	5.9	1.24	0	1	false
87	12	380	77	5.87	1.15	0	1	false
87	13	355	77	5.89	1.07	0	1	false
87	14	355	77	5.36	1.18	0	1	false
88	0	381	63	7.96	5.04	0	0	true
88	1	353	95	8.18	4.95	0	0	false
88	2	364	85	8.05	5.19	0	0	false
88	3	400	95	7.74	5.3	0	0	false
88	4	380	55	8.03	5.11	0	0	false
88	5	375	69	7.89	5.06	0	0	false
88	6	365	62	8.17	4.8	0	0	false
88	7	311	81	5.63	1.09	0	1	true
88	8	315	85	5.63	1.05	0	1	false
88	9	335	50	5.75	1.19	0	1	false
88	10	357	74	5.49	0.82	0	1	false
88	11	332	74	5.71	1.12	0	1	false
88	12	382	74	5.63	1.04	0	1	false
88	13	357	74	5.65	1.26	0	1	false
88	14	357	74	5.67	1	0	1	false
89	0	383	56	7.96	5.04	0	0	true
89	1	355	87	7.72	4.91	0	0	false
89	2	367	78	7.95	4.83	0	0	false
89	3	405	88	7.57	4.93	0	0	false
89	4	383	47	7.86	5.3	0	0	false
89	5	377	61	8.17	5.06	0	0	false
89	6	366	54	7.66	4.86	0	0	false
89	7	313	86	5.63	1.09	0	1	true
89	8	317	89	5.67	1.04	0	1	false
89	9	337	55	5.47	1.33	0	1	false
89	10	360	70	5.66	1.4	0	1	false
89	11	385	70	5.81	1.16	0	1	false
89	12	360	70	5.55	1.09	0	1	false
89	13	360	70	5.83	0.97	0	1	false
89	14	360	70	5.55	1.32	0	1	false
90	0	386	48	7.96	5.04	0	0	true
90	1	356	80	8.21	4.81	0	0	false
90	2	368	70	7.61	5.21	0	0	false
90	3	406	81	8.35	5.28	0	0	false
90	4	388	41	7.6	5.18	0	0	false
90	5	380	54	8.15	5.01	0	0	false
90	6	367	46	8.32	4.97	0	0	false
90	7	316	91	5.63	1.09	0	1	true
90	8	320	94	5.85	1.23	0	1	false
90	9	338	60	5.79	1.21	0	1	false
90	10	362	66	5.68	0.87	0	1	false
90	11	387	66	5.6	1.21	0	1	false
90	12	362	66	5.7	0.81	0	1	false
90	13	362	66	5.4	1.14	0	1	false
90	14	362	66	5.41	1.22	0	1	false
91	0	388	40	7.96	5.04	0	0	true
91	1	357	72	7.74	5.13	0	0	false
91	2	372	63	8.01	5.03	0	0	false
91	3	411	74	8.11	4.91	0	0	false
91	4	391	34	7.75	5.08	0	0	false
91	5	383	46	7.64	4.88	0	0	false
91	6	369	38	7.87	5.01	0	0	false
91	7	319	96	5.63	1.09	0	1	true
91	8	322	100	5.81	1.2	0	1	false
91	9	340	66	5.57	1.19	0	1	false
91	10	365	62	5.46	1.25	0	1	false
91	11	390	62	5.4	0.79	0	1	false
91	12	340	62	5.76	1.17	0	1	false
91	13	340	87	5.64	0.88	0	1	false
91	14	365	62	5.88	1.01	0	1	false
92	0	391	33	7.96	5.04	0	0	true
92	1	360	65	8.11	5.21	0	0	false
92	2	374	56	8.32	5.33	0	0	false
92	3	412	66	8.2	4.87	0	0	false
92	4	394	27	8.14	4.84	0	0	false
92	5	384	38	7.92	4.74	0	0	false
92	6	371	31	7.67	4.92	0	0	false
92	7	321	101	5.63	1.09	0	1	true
92	8	324	105	5.49	1.33	0	1	false
92	9	343	71	5.75	1.38	0	1	false
92	10	367	59	5.67	0.88	0	1	false
92	11	367	34	5.72	0.93	0	1	false
92	12	392	34	5.36	1.2	0	1	false
92	13	367	59	5.61	1.22	0	1	false
92	14	367	59	5.9	1.25	0	1	false
93	0	394	25	7.96	5.04	0	0	true
93	1	364	58	8.24	5.14	0	0	false
93	2	379	49	7.72	5.35	0	0	false
93	3	414	58	7.81	5.12	0	0	false
93	4	395	19	8.09	4.87	0	0	false
93	5	384	30	7.97	4.96	0	0	false
93	6	373	23	7.79	5.34	0	0	false
93	7	324	106	5.63	1.09	0	1	true
93	8	326	111	5.78	1.09	0	1	false
93	9	344	77	5.88	1.06	0	1	false
93	10	369	55	5.79	1.11	0	1	false
93	11	369	30	5.48	1.32	0	1	false
93	12	394	30	5.71	1.01	0	1	false
93	13	394	55	5.42	1.41	0	1	false
93	14	344	55	5.46	1.2	0	1	false
94	0	396	18	7.96	5.04	0	0	true
94	1	367	50	8.06	5.33	0	0	false
94	2	384	42	7.98	4.8	0	0	false
94	3	417	51	7.72	4.96	0	0	false
94	4	396	11	7.7	5.06	0	0	false
94	5	386	23	7.97	5.07	0	0	false
94	6	377	17	7.83	5.31	0	0	false
94	7	326	111	5.63	1.09	0	1	true
94	8	328	116	5.45	0.98	0	1	false
94	9	347	82	5.46	1.05	0	1	false
94	10	372	52	5.46	1.2	0	1	false
94	11	372	27	5.64	0.93	0	1	false
94	12	397	27	5.65	0.94	0	1	false
94	13	397	52	5.48	1.04	0	1	false
94	14	372	52	5.42	0.8	0	1	false
95	0	399	10	7.96	5.04	0	0	true
95	1	372	43	8.03	5.3	0	0	false
95	2	384	35	8.06	5.05	0	0	false
95	3	419	43	8.1	4.79	0	0	false
95	4	399	3	8.35	5.23	0	0	false
95	5	389	15	8.31	5.26	0	0	false
95	6	382	10	7.57	4.8	0	0	false
95	7	329	116	5.63	1.09	0	1	true
95	8	331	120	5.42	1.23	0	1	false
95	9	349	86	5.38	1.32	0	1	false
95	10	375	48	5.52	1.28	0	1	false
95	11	375	23	5.42	0.95	0	1	false
95	12	400	23	5.6	1.27	0	1	false
95	13	375	48	5.42	1.16	0	1	false
95	14	375	48	5.39	0.92	0	1	false
96	0	401	3	7.96	5.04	0	0	true
96	1	376	37	7.77	5.08	0	0	false
96	2	387	27	7.93	5.31	0	0	false
96	3	419	35	8.1	5.08	0	0	false
96	4	403	3	7.64	5.11	0	0	false
96	5	393	8	7.59	5.19	0	0	false
96	6	383	3	7.75	4.94	0	0	false
96	7	332	121	5.63	1.09	0	1	true
96	8	333	125	5.52	0.79	0	1	false
96	9	351	92	5.83	1.01	0	1	false
96	10	394	16	5.44	1.07	0	1	false
96	11	419	16	5.8	0.97	0	1	false
96	12	394	16	5.55	1.03	0	1	false
96	13	394	16	5.48	1.09	0	1	false
96	14	394	16	5.52	1.24	0	1	false
97	0	404	4	7.96	1.24	0	0	true
97	1	379	30	8.02	1.06	0	0	false
97	2	392	20	8.1	0.97	0	0	false
97	3	422	27	8.12	0.98	0	0	false
97	4	406	3	7.6	1.23	0	0	false
97	5	397	1	7.79	1.28	0	0	false
97	6	384	4	7.86	1.13	0	0	false
97	7	334	126	5.63	1.09	0	1	true
97	8	337	129	5.54	1.15	0	1	false
97	9	354	97	5.45	0.79	0	1	false
97	10	397	12	5.4	1.33	0	1	false
97	11	422	12	5.47	1.02	0	1	false
97	12	397	12	5.74	1.15	0	1	false
97	13	397	12	5.62	1.08	0	1	false
97	14	397	12	5.47	1.27	0	1	false
98	0	407	11	7.96	1.24	0	0	true
98	1	383	37	8.03	1.47	0	0	false
98	2	396	27	8.07	1.38	0	0	false
98	3	427	34	7.95	1.55	0	0	false
98	4	408	10	7.73	1.54	0	0	false
98	5	399	9	8.2	1.45	0	0	false
98	6	388	11	8	1.02	0	0	false
98	7	337	131	5.63	1.09	0	1	true
98	8	339	134	5.82	0.9	0	1	false
98	9	357	101	5.82	0.98	0	1	false
98	10	401	19	5.46	1.12	0	1	false
98	11	401	44	5.9	1.34	0	1	false
98	12	401	19	5.75	1.25	0	1	false
98	13	401	19	5.62	1.36	0	1	false
98	14	401	19	5.84	1.14	0	1	false
99	0	409	19	7.96	1.24	0	0	true
99	1	384	45	8.28	1.22	0	0	false
99	2	398	35	7.66	1.15	0	0	false
99	3	427	42	8.04	1.53	0	0	false
99	4	409	18	7.96	1.23	0	0	false
99	5	400	17	8.13	1.17	0	0	false
99	6	392	18	7.9	1.14	0	0	false
99	7	339	136	5.63	1.09	0	1	true
99	8	343	139	5.4	1.16	0	1	false
99	9	361	105	5.77	0.99	0	1	false
99	10	402	27	5.88	1.32	0	1	false
99	11	402	52	5.89	1.34	0	1	false
99	12	427	27	5.63	0.89	0	1	false
99	13	402	27	5.73	1.1	0	1	false
99	14	402	27	5.49	0.91	0	1	false
100	0	412	26	7.96	1.24	0	0	true
100	1	387	52	7.78	1.04	0	0	false
100	2	401	42	7.7	1.33	0	0	false
100	3	427	50	8.16	1.05	0	0	false
100	4	411	26	8.24	1.4	0	0	false
100	5	403	24	7.95	1.54	0	0	false
100	6	395	25	7.75	1.37	0	0	false
100	7	342	141	5.63	1.09	0	1	true
100	8	345	144	5.49	0.97	0	1	false
100	9	364	110	5.87	0.94	0	1	false
100	10	405	35	5.55	1.23	0	1	false
100	11	405	60	5.78	1.01	0	1	false
100	12	405	35	5.65	1.2	0	1	false
100	13	405	35	5.8	1.34	0	1	false
100	14	405	35	5.39	1.05	0	1	false
101	0	418	31	7.66	0.62	0	0	true
101	1	391	59	7.32	0.51	0	0	false
101	2	403	49	7.64	0.81	0	0	false
101	3	431	57	7.83	0.52	0	0	false
101	4	413	34	7.77	0.79	0	0	false
101	5	403	32	7.29	0.58	0	0	false
101	6	397	32	7.3	0.89	0	0	false
101	7	338	148	7.93	2.09	0	1	true
101	8	348	148	8.08	2.26	0	1	false
101	9	367	115	7.81	1.8	0	1	false
101	10	408	42	8.17	1.93	0	1	false
101	11	433	42	8.02	1.99	0	1	false
101	12	408	42	7.6	2.11	0	1	false
101	13	408	42	8.19	2	0	1	false
101	14	408	42	7.97	1.79	0	1	false
102	0	424	35	7.66	0.62	0	0	true
102	1	397	63	7.34	0.46	0	0	false
102	2	408	55	7.7	0.71	0	0	false
102	3	438	61	7.55	0.63	0	0	false
102	4	418	39	7.82	0.56	0	0	false
102	5	409	36	7.34	0.7	0	0	false
102	6	401	38	8	0.54	0	0	false
102	7	334	155	7.93	2.09	0	1	true
102	8	343	155	8.11	1.81	0	1	false
102	9	366	122	7.76	1.83	0	1	false
102	10	413	46	7.59	1.99	0	1	false
102	11	438	46	8.12	1.99	0	1	false
102	12	413	46	8.03	2.21	0	1	false
102	13	413	46	8.22	1.88	0	1	false
102	14	413	46	7.74	2.12	0	1	false
103	0	430	40	7.66	0.62	0	0	true
103	1	404	66	7.49	0.67	0	0	false
103	2	414	60	7.72	0.73	0	0	false
103	3	444	66	7.43	0.34	0	0	false
103	4	425	43	7.46	0.54	0	0	false
103	5	415	41	7.95	0.37	0	0	false
103	6	408	42	7.94	0.67	0	0	false
103	7	330	162	7.93	2.09	0	1	true
103	8	341	162	8.18	1.86	0	1	false
103	9	364	130	7.7	2.37	0	1	false
103	10	420	51	8.09	1.93	0	1	false
103	11	445	51	7.81	1.84	0	1	false
103	12	420	51	7.96	2.37	0	1	false
103	13	420	51	7.76	2.19	0	1	false
103	14	420	51	7.95	2.23	0	1	false
104	0	437	44	7.66	0.62	0	0	true
104	1	410	71	7.43	0.52	0	0	false
104	2	420	65	7.53	0.52	0	0	false
104	3	451	68	8.01	0.38	0	0	false
104	4	431	47	7.67	0.75	0	0	false
104	5	422	44	7.56	0.53	0	0	false
104	6	414	47	7.31	0.52	0	0	false
104	7	326	169	7.93	2.09	0	1	true
104	8	339	170	8.33	1.92	0	1	false
104	9	358	135	8.03	2.32	0	1	false
104	10	426	55	7.61	1.82	0	1	false
104	11	451	55	8.28	2.21	0	1	false
104	12	426	55	7.59	1.85	0	1	false
104	13	426	55	7.88	1.81	0	1	false
104	14	426	55	8.06	2.09	0	1	false
105	0	443	49	7.66	0.62	0	0	true
105	1	416	74	7.53	0.86	0	0	false
105	2	426	69	7.61	0.54	0	0	false
105	3	459	71	7.38	0.52	0	0	false
105	4	437	52	7.46	0.78	0	0	false
105	5	429	48	7.38	0.35	0	0	false
105	6	421	51	7.34	0.84	0	0	false
105	7	322	176	7.93	2.09	0	1	true
105	8	336	178	8.07	2.05	0	1	false
105	9	353	141	8.22	1.99	0	1	false
105	10	433	59	7.93	1.96	0	1	false
105	11	458	59	7.68	2.15	0	1	false
105	12	433	59	8.24	2.34	0	1	false
105	13	433	59	8.31	2.41	0	1	false
105	14	433	59	8.02	1.79	0	1	false
106	0	449	53	7.66	0.62	0	0	true
106	1	421	80	7.71	0.76	0	0	false
106	2	433	73	7.99	0.77	0	0	false
106	3	465	75	7.59	0.56	0	0	false
106	4	442	58	7.95	0.74	0	0	false
106	5	436	50	7.32	0.47	0	0	false
106	6	426	56	7.46	0.6	0	0	false
106	7	318	183	7.93	2.09	0	1	true
106	8	332	185	7.88	2.32	0	1	false
106	9	349	149	8.23	2.06	0	1	false
106	10	438	63	8.22	1.85	0	1	false
106	11	463	63	7.58	2.28	0	1	false
106	12	438	63	8.05	1.8	0	1	false
106	13	438	63	7.87	2.08	0	1	false
106	14	438	63	8.22	2.18	0	1	false
107	0	455	58	7.66	0.62	0	0	true
107	1	426	85	7.89	0.57	0	0	false
107	2	438	78	7.74	0.89	0	0	false
107	3	471	79	7.78	0.79	0	0	false
107	4	448	63	7.53	0.72	0	0	false
107	5	442	54	7.36	0.62	0	0	false
107	6	432	60	7.43	0.38	0	0	false
107	7	314	189	7.93	2.09	0	1	true
107	8	327	191	8.2	2.03	0	1	false
107	9	345	156	8.09	1.97	0	1	false
107	10	444	68	8.21	2.02	0	1	false
107	11	469	68	7.78	1.97	0	1	false
107	12	444	68	8.06	2.41	0	1	false
107	13	444	68	8.1	2.03	0	1	false
107	14	444	68	7.78	2.1	0	1	false
108	0	462	62	7.66	0.62	0	0	true
108	1	433	90	7.68	0.91	0	0	false
108	2	443	84	7.97	0.8	0	0	false
108	3	477	84	7.41	0.68	0	0	false
108	4	454	68	7.83	0.45	0	0	false
108	5	448	58	7.3	0.63	0	0	false
108	6	439	63	7.76	0.72	0	0	false
108	7	310	196	7.93	2.09	0	1	true
108	8	323	198	8.17	1.9	0	1	false
108	9	342	164	7.75	2.01	0	1	false
108	10	450	72	7.93	2.22	0	1	false
108	11	475	72	8.11	2.2	0	1	false
108	12	450	72	8.14	2.09	0	1	false
108	13	450	72	8.02	2.08	0	1	false
108	14	450	72	8.22	2.26	0	1	false
109	0	468	67	7.66	0.62	0	0	true
109	1	438	96	8.04	0.89	0	0	false
109	2	449	90	7.74	0.71	0	0	false
109	3	483	89	7.36	0.65	0	0	false
109	4	461	71	7.45	0.43	0	0	false
109	5	454	62	7.51	0.6	0	0	false
109	6	444	68	7.35	0.84	0	0	false
109	7	306	203	7.93	2.09	0	1	true
109	8	320	206	7.94	2.34	0	1	false
109	9	339	171	8.23	1.95	0	1	false
109	10	456	77	7.6	2.39	0	1	false
109	11	481	77	8.11	1.91	0	1	false
109	12	456	77	8.28	2.33	0	1	false
109	13	456	77	8.25	1.8	0	1	false
109	14	456	77	7.56	2.04	0	1	false
110	0	474	71	7.66	0.62	0	0	true
110	1	443	102	7.45	0.36	0	0	false
110	2	455	95	7.4	0.52	0	0	false
110	3	488	93	7.33	0.56	0	0	false
110	4	467	75	7.88	0.81	0	0	false
110	5	460	66	7.94	0.67	0	0	false
110	6	449	74	7.59	0.52	0	0	false
110	7	302	210	7.93	2.09	0	1	true
110	8	315	212	8.23	2.18	0	1	false
110	9	336	178	8.28	2.16	0	1	false
110	10	462	82	8.24	1.86	0	1	false
110	11	487	82	7.58	2.31	0	1	false
110	12	462	82	7.85	2.04	0	1	false
110	13	462	82	7.94	1.89	0	1	false
110	14	462	82	8.24	1.8	0	1	false
111	0	480	75	7.66	0.62	0	0	true
111	1	450	105	7.68	0.64	0	0	false
111	2	461	99	7.74	0.89	0	0	false
111	3	495	97	7.54	0.87	0	0	false
111	4	473	80	8.02	0.92	0	0	false
111	5	467	71	8	0.48	0	0	false
111	6	456	77	7.49	0.68	0	0	false
111	7	298	217	7.93	2.09	0	1	true
111	8	310	219	7.68	1.93	0	1	false
111	9	331	185	7.88	2.34	0	1	false
111	10	468	86	8.18	1.85	0	1	false
111	11	493	86	8.07	1.89	0	1	false
111	12	468	86	7.93	2.37	0	1	false
111	13	468	86	8.11	1.85	0	1	false
111	14	468	86	7.54	2.17	0	1	false
112	0	486	80	7.66	0.62	0	0	true
112	1	456	109	7.55	0.87	0	0	false
112	2	466	105	7.38	0.75	0	0	false
112	3	499	103	7.75	0.46	0	0	false
112	4	478	87	8.02	0.7	0	0	false
112	5	474	75	7.83	0.63	0	0	false
112	6	462	82	7.33	0.42	0	0	false
112	7	294	224	7.93	2.09	0	1	true
112	8	308	226	8.33	2.14	0	1	false
112	9	326	191	7.69	2.15	0	1	false
112	10	474	91	7.81	1.97	0	1	false
112	11	499	91	7.69	2.4	0	1	false
112	12	474	91	7.56	2.36	0	1	false
112	13	474	91	7.77	1.96	0	1	false
112	14	474	91	7.73	2.03	0	1	false
113	0	493	84	7.66	0.62	0	0	true
113	1	461	115	7.4	0.36	0	0	false
113	2	471	110	7.52	0.74	0	0	false
113	3	493	107	8.01	0.93	0	0	false
113	4	484	92	7.66	0.38	0	0	false
113	5	480	80	7.7	0.47	0	0	false
113	6	468	85	7.57	0.59	0	0	false
113	7	290	231	7.93	2.09	0	1	true
113	8	303	233	7.55	1.85	0	1	false
113	9	322	197	8.05	1.87	0	1	false
113	10	478	96	7.73	2.08	0	1	false
113	11	478	96	7.8	2.07	0	1	false
113	12	478	96	7.55	2	0	1	false
113	13	478	96	7.54	1.87	0	1	false
113	14	478	96	7.76	2.09	0	1	false
114	0	499	89	7.66	0.62	0	0	true
114	1	468	117	7.83	0.35	0	0	false
114	2	477	115	7.55	0.89	0	0	false
114	3	497	113	7.41	0.56	0	0	false
114	4	491	95	7.41	0.91	0	0	false
114	5	487	83	7.46	0.31	0	0	false
114	6	475	89	7.96	0.43	0	0	false
114	7	286	237	7.93	2.09	0	1	true
114	8	301	240	7.58	1.92	0	1	false
114	9	319	205	7.95	1.87	0	1	false
114	10	484	100	7.95	2.04	0	1	false
114	11	484	100	7.6	2.21	0	1	false
114	12	484	100	8.25	2.17	0	1	false
114	13	484	100	7.64	1.98	0	1	false
114	14	484	100	8.25	2.04	0	1	false
115	0	494	93	7.66	2.52	0	0	true
115	1	475	120	7.31	2.78	0	0	false
115	2	482	121	7.76	2.44	0	0	false
115	3	495	117	7.78	2.68	0	0	false
115	4	496	101	7.6	2.65	0	0	false
115	5	494	85	7.85	2.45	0	0	false
115	6	482	93	7.56	2.82	0	0	false
115	7	282	244	7.93	2.09	0	1	true
115	8	298	247	8.06	2.17	0	1	false
115	9	317	212	8.26	2.19	0	1	false
115	10	488	104	8.21	1.86	0	1	false
115	11	488	104	8.05	2.21	0	1	false
115	12	488	104	7.87	2.29	0	1	false
115	13	488	104	8.17	1.81	0	1	false
115	14	488	104	7.88	2.3	0	1	false
116	0	488	98	7.66	2.52	0	0	true
116	1	468	123	7.91	2.69	0	0	false
116	2	476	126	7.52	2.71	0	0	false
116	3	488	120	7.82	2.67	0	0	false
116	4	489	104	7.89	2.35	0	0	false
116	5	488	90	7.63	2.69	0	0	false
116	6	475	95	7.63	2.6	0	0	false
116	7	278	251	7.93	2.09	0	1	true
116	8	294	254	7.89	2.26	0	1	false
116	9	312	219	8.23	2.05	0	1	false
116	10	481	108	7.83	1.85	0	1	false
116	11	481	108	8.11	2.37	0	1	false
116	12	481	108	7.61	1.92	0	1	false
116	13	481	108	8.27	2.35	0	1	false
116	14	481	108	8.31	2.13	0	1	false
117	0	482	102	7.66	2.52	0	0	true
117	1	461	126	7.55	2.42	0	0	false
117	2	469	129	7.51	2.78	0	0	false
117	3	481	124	7.5	2.3	0	0	false
117	4	483	110	7.5	2.61	0	0	false
117	5	481	94	7.59	2.57	0	0	false
117	6	468	99	7.33	2.68	0	0	false
117	7	274	258	7.93	2.09	0	1	true
117	8	289	260	7.77	2.35	0	1	false
117	9	308	227	8.02	2	0	1	false
117	10	475	112	8.02	1.79	0	1	false
117	11	475	112	7.58	1.93	0	1	false
117	12	475	112	8.07	2.25	0	1	false
117	13	475	112	8.05	2.02	0	1	false
117	14	475	112	8.04	2.12	0	1	false
118	0	475	107	7.66	2.52	0	0	true
118	1	455	131	7.66	2.49	0	0	false
118	2	462	132	7.57	2.75	0	0	false
118	3	476	130	7.53	2.69	0	0	false
118	4	477	114	7.58	2.7	0	0	false
118	5	475	98	7.38	2.68	0	0	false
118	6	462	102	7.77	2.39	0	0	false
118	7	270	265	7.93	2.09	0	1	true
118	8	283	265	7.54	2.26	0	1	false
118	9	305	234	8.14	2.39	0	1	false
118	10	468	116	7.61	2.21	0	1	false
118	11	468	116	7.9	1.91	0	1	false
118	12	468	116	7.67	2.25	0	1	false
118	13	468	116	7.76	2.08	0	1	false
118	14	468	116	7.59	2.05	0	1	false
119	0	469	111	7.66	2.52	0	0	true
119	1	449	136	7.74	2.4	0	0	false
119	2	455	134	7.96	2.28	0	0	false
119	3	470	133	7.4	2.65	0	0	false
119	4	470	117	7.54	2.35	0	0	false
119	5	468	101	7.45	2.21	0	0	false
119	6	456	108	7.5	2.67	0	0	false
119	7	267	272	7.93	2.09	0	1	true
119	8	279	271	8.24	2.37	0	1	false
119	9	299	239	8.23	2.13	0	1	false
119	10	462	120	8.2	2	0	1	false
119	11	462	120	8.19	1.88	0	1	false
119	12	462	120	8.09	2.12	0	1	false
119	13	462	120	8.08	2.21	0	1	false
119	14	462	120	8.16	1.91	0	1	false
120	0	463	116	7.66	2.52	0	0	true
120	1	444	141	7.75	2.34	0	0	false
120	2	450	141	7.76	2.49	0	0	false
120	3	463	136	7.59	2.75	0	0	false
120	4	465	122	7.74	2.55	0	0	false
120	5	464	107	7.37	2.68	0	0	false
120	6	449	111	7.76	2.31	0	0	false
120	7	263	279	7.93	2.09	0	1	true
120	8	273	277	7.84	1.88	0	1	false
120	9	295	246	8.16	1.79	0	1	false
120	10	456	124	7.82	2.02	0	1	false
120	11	456	124	8.18	2.39	0	1	false
120	12	456	124	7.94	2.23	0	1	false
120	13	456	124	8.13	2.08	0	1	false
120	14	456	124	7.69	1.81	0	1	false
121	0	467	111	6.68	5.43	0	0	true
121	1	438	147	6.64	5.14	0	0	false
121	2	443	145	6.81	5.32	0	0	false
121	3	456	139	6.68	5.36	0	0	false
121	4	458	126	6.73	5.52	0	0	false
121	5	457	110	6.74	5.64	0	0	false
121	6	444	117	6.6	5.68	0	0	false
121	7	257	275	7	3.72	0	1	true
121	8	270	284	7.05	3.74	0	1	false
121	9	293	254	7.17	3.7	0	1	false
121	10	451	127	7.22	3.5	0	1	false
121	11	451	127	6.98	3.95	0	1	false
121	12	451	127	6.97	3.42	0	1	false
121	13	451	127	7.26	3.89	0	1	false
121	14	451	127	6.81	3.85	0	1	false
122	0	472	106	6.68	5.43	0	0	true
122	1	441	141	6.81	5.34	0	0	false
122	2	447	140	6.37	5.32	0	0	false
122	3	460	134	6.75	5.34	0	0	false
122	4	463	122	6.97	5.47	0	0	false
122	5	462	106	6.89	5.49	0	0	false
122	6	450	113	6.89	5.47	0	0	false
122	7	251	271	7	3.72	0	1	true
122	8	264	280	7.13	3.83	0	1	false
122	9	287	251	6.94	3.49	0	1	false
122	10	456	123	7.01	3.68	0	1	false
122	11	456	123	7.2	3.82	0	1	false
122	12	456	123	7	3.84	0	1	false
122	13	456	123	6.83	3.75	0	1	false
122	14	456	123	7.29	3.45	0	1	false
123	0	476	101	6.68	5.43	0	0	true
123	1	445	135	6.6	5.36	0	0	false
123	2	451	134	6.55	5.56	0	0	false
123	3	464	128	6.36	5.42	0	0	false
123	4	468	117	6.87	5.31	0	0	false
123	5	467	101	6.6	5.3	0	0	false
123	6	454	108	6.43	5.55	0	0	false
123	7	245	267	7	3.72	0	1	true
123	8	259	276	6.95	3.97	0	1	false
123	9	280	248	6.83	3.63	0	1	false
123	10	460	117	7.27	3.45	0	1	false
123	11	460	117	7.22	3.98	0	1	false
123	12	460	117	7.31	3.72	0	1	false
123	13	460	117	7.06	3.69	0	1	false
123	14	460	117	6.72	3.53	0	1	false
124	0	481	96	6.68	5.43	0	0	true
124	1	449	130	6.5	5.63	0	0	false
124	2	456	130	6.56	5.17	0	0	false
124	3	468	124	6.67	5.16	0	0	false
124	4	472	111	6.9	5.22	0	0	false
124	5	471	96	6.82	5.71	0	0	false
124	6	459	104	6.53	5.12	0	0	false
124	7	239	263	7	3.72	0	1	true
124	8	254	271	6.71	3.57	0	1	false
124	9	274	245	7.09	3.45	0	1	false
124	10	465	113	6.99	3.7	0	1	false
124	11	465	113	6.72	3.93	0	1	false
124	12	465	113	7.34	3.62	0	1	false
124	13	465	113	7.09	3.44	0	1	false
124	14	465	113	7.17	3.86	0	1	false
125	0	485	91	6.68	5.43	0	0	true
125	1	454	126	6.74	5.58	0	0	false
125	2	459	124	6.69	5.15	0	0	false
125	3	471	118	6.9	5.45	0	0	false
125	4	475	105	6.94	5.44	0	0	false
125	5	477	92	6.73	5.38	0	0	false
125	6	462	98	6.94	5.27	0	0	false
125	7	233	260	7	3.72	0	1	true
125	8	248	268	6.88	3.51	0	1	false
125	9	268	243	6.65	3.66	0	1	false
125	10	469	107	7.34	3.89	0	1	false
125	11	469	107	7.16	4.03	0	1	false
125	12	469	107	6.95	3.42	0	1	false
125	13	469	107	6.67	4	0	1	false
125	14	469	107	7.12	3.42	0	1	false
126	0	489	86	6.68	5.43	0	0	true
126	1	459	121	6.68	5.35	0	0	false
126	2	462	118	6.96	5.34	0	0	false
126	3	476	112	6.78	5.24	0	0	false
126	4	480	100	6.9	5.29	0	0	false
126	5	481	87	6.41	5.69	0	0	false
126	6	465	92	6.45	5.58	0	0	false
126	7	227	256	7	3.72	0	1	true
126	8	242	266	6.86	3.91	0	1	false
126	9	262	240	6.86	3.56	0	1	false
126	10	473	102	7.07	3.64	0	1	false
126	11	473	102	6.74	3.81	0	1	false
126	12	473	102	6.7	3.99	0	1	false
126	13	473	102	6.67	3.53	0	1	false
126	14	473	102	7.2	3.61	0	1	false
127	0	494	81	6.68	5.43	0	0	true
127	1	463	116	6.89	5.55	0	0	false
127	2	466	112	6.57	5.48	0	0	false
127	3	479	107	6.94	5.12	0	0	false
127	4	484	94	6.35	5.57	0	0	false
127	5	486	83	6.69	5.21	0	0	false
127	6	470	88	6.66	5.55	0	0	false
127	7	222	252	7	3.72	0	1	true
127	8	237	261	6.75	3.48	0	1	false
127	9	256	237	6.82	3.83	0	1	false
127	10	477	97	7.04	3.66	0	1	false
127	11	477	97	6.71	3.51	0	1	false
127	12	477	97	6.89	3.82	0	1	false
127	13	477	97	7.19	3.89	0	1	false
127	14	477	97	7.16	3.48	0	1	false
128	0	498	76	6.68	5.43	0	0	true
128	1	468	112	6.44	5.23	0	0	false
128	2	470	108	6.97	5.37	0	0	false
128	3	482	100	6.71	5.22	0	0	false
128	4	488	90	6.45	5.28	0	0	false
128	5	489	77	6.56	5.27	0	0	false
128	6	475	83	6.35	5.24	0	0	false
128	7	216	248	7	3.72	0	1	true
128	8	230	259	7.24	3.55	0	1	false
128	9	250	232	7.34	3.58	0	1	false
128	10	481	92	6.97	3.79	0	1	false
128	11	481	92	7.08	3.55	0	1	false
128	12	481	92	7.09	3.99	0	1	false
128	13	481	92	7.13	3.73	0	1	false
128	14	481	92	6.66	3.57	0	1	false
129	0	496	71	6.68	3.99	0	0	true
129	1	472	106	6.53	3.88	0	0	false
129	2	474	102	6.36	3.82	0	0	false
129	3	485	94	6.65	3.68	0	0	false
129	4	492	84	6.47	3.86	0	0	false
129	5	493	72	6.38	4.26	0	0	false
129	6	478	78	6.91	3.88	0	0	false
129	7	210	244	7	3.72	0	1	true
129	8	224	256	7.08	3.53	0	1	false
129	9	244	229	7.1	3.45	0	1	false
129	10	484	86	6.95	3.74	0	1	false
129	11	484	86	6.87	3.82	0	1	false
129	12	484	86	7.01	3.62	0	1	false
129	13	484	86	7.12	3.61	0	1	false
129	14	484	86	7.19	3.81	0	1	false
130	0	492	66	6.68	3.99	0	0	true
130	1	467	102	6.93	3.76	0	0	false
130	2	470	98	6.64	4.19	0	0	false
130	3	479	91	6.73	4.05	0	0	false
130	4	487	80	6.63	4.18	0	0	false
130	5	490	66	6.75	4.29	0	0	false
130	6	473	73	6.65	4.19	0	0	false
130	7	204	241	7	3.72	0	1	true
130	8	217	253	7.08	3.98	0	1	false
130	9	237	227	7.13	3.56	0	1	false
130	10	479	82	6.7	3.64	0	1	false
130	11	479	82	7.04	3.88	0	1	false
130	12	479	82	6.99	3.59	0	1	false
130	13	479	82	6.94	3.51	0	1	false
130	14	479	82	6.97	3.77	0	1	false
131	0	488	61	6.68	3.99	0	0	true
131	1	461	97	6.87	4.18	0	0	false
131	2	466	92	6.38	3.83	0	0	false
131	3	475	86	6.41	3.85	0	0	false
131	4	484	74	6.71	3.94	0	0	false
131	5	487	60	6.47	3.96	0	0	false
131	6	470	67	6.6	4.07	0	0	false
131	7	198	237	7	3.72	0	1	true
131	8	213	248	6.7	3.47	0	1	false
131	9	230	224	7.19	3.57	0	1	false
131	10	475	76	7.31	3.61	0	1	false
131	11	475	76	6.89	3.5	0	1	false
131	12	475	76	7.19	3.63	0	1	false
131	13	475	76	7.27	3.54	0	1	false
131	14	475	76	6.9	3.42	0	1	false
132	0	483	56	6.68	3.99	0	0	true
132	1	458	92	6.83	4.28	0	0	false
132	2	461	88	6.43	4.24	0	0	false
132	3	470	81	6.86	4.01	0	0	false
132	4	479	70	6.9	3.85	0	0	false
132	5	483	55	6.99	3.86	0	0	false
132	6	466	62	6.61	4.09	0	0	false
132	7	192	233	7	3.72	0	1	true
132	8	206	246	6.87	3.52	0	1	false
132	9	224	221	6.99	3.49	0	1	false
132	10	471	72	7.21	3.93	0	1	false
132	11	471	72	6.83	3.98	0	1	false
132	12	471	72	6.99	3.52	0	1	false
132	13	471	72	7.3	3.42	0	1	false
132	14	471	72	6.66	3.48	0	1	false
133	0	479	51	6.68	3.99	0	0	true
133	1	455	85	6.46	3.9	0	0	false
133	2	458	83	6.4	3.83	0	0	false
133	3	466	76	6.68	3.93	0	0	false
133	4	474	65	6.92	4.15	0	0	false
133	5	478	51	6.84	4.05	0	0	false
133	6	462	57	6.98	3.75	0	0	false
133	7	186	229	7	3.72	0	1	true
133	8	200	243	6.81	3.95	0	1	false
133	9	217	219	7.14	3.57	0	1	false
133	10	467	66	7.28	3.71	0	1	false
133	11	467	66	7.07	3.5	0	1	false
133	12	467	66	6.7	3.77	0	1	false
133	13	467	66	7.18	3.64	0	1	false
133	14	467	66	6.98	3.54	0	1	false
134	0	474	46	6.68	3.99	0	0	true
134	1	450	81	6.66	3.82	0	0	false
134	2	453	79	6.42	4.02	0	0	false
134	3	461	71	6.69	4.27	0	0	false
134	4	470	59	6.68	4.06	0	0	false
134	5	473	45	6.8	3.85	0	0	false
134	6	457	53	6.34	4.04	0	0	false
134	7	180	225	7	3.72	0	1	true
134	8	195	238	7.25	3.47	0	1	false
134	9	211	216	7.09	3.69	0	1	false
134	10	462	62	7.24	3.71	0	1	false
134	11	462	62	7.32	3.91	0	1	false
134	12	462	62	6.83	3.58	0	1	false
134	13	462	62	7.08	3.45	0	1	false
134	14	462	62	6.89	4.03	0	1	false
135	0	470	41	6.68	3.99	0	0	true
135	1	445	77	6.37	4.24	0	0	false
135	2	449	74	6.58	3.84	0	0	false
135	3	458	65	6.6	4.2	0	0	false
135	4	466	54	6.96	4.08	0	0	false
135	5	468	41	6.41	4.15	0	0	false
135	6	453	48	6.84	3.76	0	0	false
135	7	175	221	7	3.72	0	1	true
135	8	188	236	7.2	3.58	0	1	false
135	9	205	212	7.3	3.48	0	1	false
135	10	458	57	7.26	3.96	0	1	false
135	11	458	57	6.95	3.95	0	1	false
135	12	458	57	6.99	3.82	0	1	false
135	13	458	57	7.11	3.73	0	1	false
135	14	458	57	7.22	3.46	0	1	false
136	0	466	35	6.68	3.99	0	0	true
136	1	442	71	6.35	4.21	0	0	false
136	2	444	69	6.55	4.16	0	0	false
136	3	455	60	6.68	3.75	0	0	false
136	4	462	48	6.85	3.81	0	0	false
136	5	465	35	6.41	3.72	0	0	false
136	6	447	44	7	4.03	0	0	false
136	7	169	218	7	3.72	0	1	true
136	8	182	233	7.35	3.51	0	1	false
136	9	198	210	7.29	4	0	1	false
136	10	454	51	6.78	3.41	0	1	false
136	11	454	51	7.24	3.96	0	1	false
136	12	454	51	7.18	3.76	0	1	false
136	13	454	51	6.96	3.9	0	1	false
136	14	454	51	6.82	3.88	0	1	false
137	0	461	30	6.68	3.99	0	0	true
137	1	439	65	6.73	3.96	0	0	false
137	2	441	64	6.58	3.88	0	0	false
137	3	450	56	6.67	4.22	0	0	false
137	4	456	44	6.9	3.84	0	0	false
137	5	459	32	6.54	3.9	0	0	false
137	6	443	38	6.83	4.28	0	0	false
137	7	163	214	7	3.72	0	1	true
137	8	175	230	7	3.42	0	1	false
137	9	193	204	7.17	4.02	0	1	false
137	10	449	47	7.26	3.97	0	1	false
137	11	449	47	6.69	3.82	0	1	false
137	12	449	47	7	3.64	0	1	false
137	13	449	47	7.29	3.48	0	1	false
137	14	449	47	7.12	3.42	0	1	false
138	0	457	25	6.68	3.99	0	0	true
138	1	434	61	6.44	3.75	0	0	false
138	2	436	59	6.89	3.75	0	0	false
138	3	447	50	6.36	3.74	0	0	false
138	4	451	40	6.77	4.28	0	0	false
138	5	455	27	6.8	3.75	0	0	false
138	6	440	32	6.35	3.93	0	0	false
138	7	157	210	7	3.72	0	1	true
138	8	168	228	7.24	3.85	0	1	false
138	9	189	199	6.7	3.82	0	1	false
138	10	445	42	6.66	3.75	0	1	false
138	11	445	42	7.14	3.41	0	1	false
138	12	445	42	7.12	3.76	0	1	false
138	13	445	42	7.26	3.97	0	1	false
138	14	445	42	7.08	3.58	0	1	false
139	0	452	20	6.68	3.99	0	0	true
139	1	429	57	6.35	3.79	0	0	false
139	2	430	55	6.98	3.97	0	0	false
139	3	441	46	6.46	3.97	0	0	false
139	4	448	34	6.63	3.84	0	0	false
139	5	449	24	6.36	3.76	0	0	false
139	6	435	28	6.63	4.14	0	0	false
139	7	151	206	7	3.72	0	1	true
139	8	163	223	6.87	3.9	0	1	false
139	9	183	194	7.06	3.79	0	1	false
139	10	440	37	6.72	3.44	0	1	false
139	11	440	37	7.01	3.88	0	1	false
139	12	440	37	7.23	4.02	0	1	false
139	13	440	37	6.96	3.57	0	1	false
139	14	440	37	7.04	3.61	0	1	false
140	0	448	15	6.68	3.99	0	0	true
140	1	424	53	6.82	4.06	0	0	false
140	2	426	50	6.95	3.92	0	0	false
140	3	437	42	6.59	3.93	0	0	false
140	4	443	29	6.84	3.88	0	0	false
140	5	444	20	6.65	3.87	0	0	false
140	6	432	22	6.42	4.03	0	0	false
140	7	145	202	7	3.72	0	1	true
140	8	158	219	6.65	4.01	0	1	false
140	9	178	190	6.93	3.72	0	1	false
140	10	436	33	7.06	3.6	0	1	false
140	11	436	33	6.82	3.68	0	1	false
140	12	436	33	7.01	3.57	0	1	false
140	13	436	33	7.21	3.72	0	1	false
140	14	436	33	6.69	3.42	0	1	false
141	0	456	18	8.05	0.26	0	0	true
141	1	420	48	7.84	0.39	0	0	false
141	2	421	45	7.93	0.2	0	0	false
141	3	432	37	8	0.29	0	0	false
141	4	438	25	7.9	0.23	0	0	false
141	5	439	15	8.1	0.11	0	0	false
141	6	428	17	7.72	-0.01	0	0	false
141	7	140	207	7.41	2.44	0	1	true
141	8	153	214	7.26	2.47	0	1	false
141	9	172	186	7.65	2.38	0	1	false
141	10	433	29	7.56	2.52	0	1	false
141	11	458	29	7.4	2.42	0	1	false
141	12	433	29	7.57	2.55	0	1	false
141	13	433	29	7.1	2.58	0	1	false
141	14	433	29	7.61	2.48	0	1	false
142	0	463	20	8.05	0.26	0	0	true
142	1	427	51	8.4	0.49	0	0	false
142	2	428	47	7.91	-0.04	0	0	false
142	3	440	39	7.88	0.37	0	0	false
142	4	446	26	7.98	0.28	0	0	false
142	5	447	16	8.01	0.2	0	0	false
142	6	435	17	8.34	0.06	0	0	false
142	7	134	212	7.41	2.44	0	1	true
142	8	148	218	7.38	2.68	0	1	false
142	9	166	192	7.38	2.58	0	1	false
142	10	440	30	7.22	2.46	0	1	false
142	11	465	30	7.51	2.33	0	1	false
142	12	440	30	7.12	2.61	0	1	false
142	13	440	30	7.1	2.37	0	1	false
142	14	440	30	7.52	2.41	0	1	false
143	0	471	22	8.05	0.26	0	0	true
143	1	435	55	8.36	0.19	0	0	false
143	2	436	47	8.02	0.36	0	0	false
143	3	447	42	8.11	0.18	0	0	false
143	4	453	29	8.44	0.36	0	0	false
143	5	455	18	7.86	0.47	0	0	false
143	6	444	17	8.42	-0.03	0	0	false
143	7	128	217	7.41	2.44	0	1	true
143	8	141	221	7.34	2.64	0	1	false
143	9	160	196	7.14	2.54	0	1	false
143	10	448	32	7.44	2.54	0	1	false
143	11	473	32	7.55	2.48	0	1	false
143	12	448	32	7.1	2.63	0	1	false
143	13	448	32	7.32	2.37	0	1	false
143	14	448	32	7.26	2.66	0	1	false
144	0	479	24	8.05	0.26	0	0	true
144	1	443	56	7.84	0.5	0	0	false
144	2	444	49	7.79	0.52	0	0	false
144	3	455	43	8.21	0.17	0	0	false
144	4	461	32	8.13	0.2	0	0	false
144	5	462	22	7.9	0.35	0	0	false
144	6	452	17	8.02	0.16	0	0	false
144	7	123	221	7.41	2.44	0	1	true
144	8	135	225	7.17	2.75	0	1	false
144	9	154	200	7.26	2.65	0	1	false
144	10	456	34	7.52	2.47	0	1	false
144	11	481	34	7.52	2.25	0	1	false
144	12	456	34	7.08	2.43	0	1	false
144	13	456	34	7.77	2.26	0	1	false
144	14	456	34	7.08	2.22	0	1	false
145	0	487	26	8.05	0.26	0	0	true
145	1	450	60	8.45	0.39	0	0	false
145	2	451	53	8.17	0.33	0	0	false
145	3	463	45	8.42	0.1	0	0	false
145	4	469	33	8.36	0.51	0	0	false
145	5	469	24	7.75	0.1	0	0	false
145	6	460	18	8.01	0.12	0	0	false
145	7	117	226	7.41	2.44	0	1	true
145	8	128	228	7.7	2.31	0	1	false
145	9	148	203	7.25	2.27	0	1	false
145	10	464	37	7.14	2.57	0	1	false
145	11	489	37	7.23	2.33	0	1	false
145	12	464	37	7.58	2.13	0	1	false
145	13	464	37	7.34	2.66	0	1	false
145	14	464	37	7.12	2.26	0	1	false
146	0	495	28	8.05	0.26	0	0	true
146	1	458	63	7.66	-0.05	0	0	false
146	2	458	56	8.2	0.5	0	0	false
146	3	472	46	7.71	0.18	0	0	false
146	4	477	37	8.41	0.44	0	0	false
146	5	477	25	7.86	0.51	0	0	false
146	6	468	19	8.07	0.52	0	0	false
146	7	111	231	7.41	2.44	0	1	true
146	8	123	233	7.7	2.32	0	1	false
146	9	143	209	7.64	2.49	0	1	false
146	10	472	39	7.51	2.37	0	1	false
146	11	497	39	7.19	2.4	0	1	false
146	12	472	39	7.7	2.23	0	1	false
146	13	472	39	7.78	2.48	0	1	false
146	14	472	39	7.34	2.65	0	1	false
147	0	497	30	8.05	2.88	0	0	true
147	1	465	63	7.93	2.87	0	0	false
147	2	466	60	7.76	3.18	0	0	false
147	3	479	47	8.33	3.17	0	0	false
147	4	484	41	7.92	3.05	0	0	false
147	5	484	29	8.23	2.95	0	0	false
147	6	475	23	8.24	3.1	0	0	false
147	7	106	236	7.41	2.44	0	1	true
147	8	118	239	7.05	2.38	0	1	false
147	9	137	213	7.1	2.43	0	1	false
147	10	478	41	7.21	2.53	0	1	false
147	11	478	41	7.15	2.5	0	1	false
147	12	478	41	7.56	2.21	0	1	false
147	13	478	41	7.54	2.26	0	1	false
147	14	478	41	7.75	2.63	0	1	false
148	0	489	32	8.05	2.88	0	0	true
148	1	458	65	7.72	2.7	0	0	false
148	2	458	60	7.91	2.61	0	0	false
148	3	471	47	8.11	2.87	0	0	false
148	4	476	42	8.3	2.77	0	0	false
148	5	476	30	7.85	2.62	0	0	false
148	6	467	24	7.83	2.77	0	0	false
148	7	100	241	7.41	2.44	0	1	true
148	8	112	244	7.62	2.17	0	1	false
148	9	132	218	7.44	2.72	0	1	false
148	10	470	42	7.07	2.64	0	1	false
148	11	470	42	7.53	2.19	0	1	false
148	12	470	42	7.24	2.54	0	1	false
148	13	470	42	7.42	2.48	0	1	false
148	14	470	42	7.55	2.6	0	1	false
149	0	481	34	8.05	2.88	0	0	true
149	1	451	68	8.45	3.14	0	0	false
149	2	451	64	7.68	3.03	0	0	false
149	3	463	49	8.29	2.88	0	0	false
149	4	469	45	7.73	2.75	0	0	false
149	5	469	34	7.68	2.98	0	0	false
149	6	460	27	8.44	2.76	0	0	false
149	7	94	245	7.41	2.44	0	1	true
149	8	108	250	7.75	2.6	0	1	false
149	9	125	221	7.12	2.74	0	1	false
149	10	463	45	7.3	2.21	0	1	false
149	11	463	70	7.4	2.38	0	1	false
149	12	463	45	7.59	2.68	0	1	false
149	13	463	45	7.28	2.26	0	1	false
149	14	463	45	7.13	2.24	0	1	false
150	0	473	36	8.05	2.88	0	0	true
150	1	442	68	8.22	2.75	0	0	false
150	2	443	65	7.75	2.99	0	0	false
150	3	455	51	8.45	3.04	0	0	false
150	4	462	48	8.35	2.67	0	0	false
150	5	461	35	8.12	3.11	0	0	false
150	6	452	30	8.01	3.17	0	0	false
150	7	89	250	7.41	2.44	0	1	true
150	8	101	254	7.08	2.24	0	1	false
150	9	118	224	7.32	2.4	0	1	false
150	10	455	47	7.54	2.14	0	1	false
150	11	455	47	7.36	2.24	0	1	false
150	12	455	47	7.21	2.27	0	1	false
150	13	455	47	7.19	2.65	0	1	false
150	14	455	47	7.28	2.66	0	1	false
151	0	466	38	8.05	2.88	0	0	true
151	1	435	71	7.89	2.69	0	0	false
151	2	436	66	8.08	2.77	0	0	false
151	3	447	52	8.26	2.75	0	0	false
151	4	454	51	8.17	2.61	0	0	false
151	5	453	36	7.8	3.15	0	0	false
151	6	444	30	8.43	2.61	0	0	false
151	7	83	255	7.41	2.44	0	1	true
151	8	97	260	7.36	2.48	0	1	false
151	9	113	229	7.12	2.39	0	1	false
151	10	447	49	7.39	2.29	0	1	false
151	11	447	49	7.18	2.39	0	1	false
151	12	447	49	7.77	2.63	0	1	false
151	13	447	49	7.58	2.74	0	1	false
151	14	447	49	7.25	2.29	0	1	false
152	0	458	40	8.05	2.88	0	0	true
152	1	427	75	7.96	2.97	0	0	false
152	2	428	69	7.75	2.58	0	0	false
152	3	439	55	7.95	2.63	0	0	false
152	4	447	56	8.15	2.91	0	0	false
152	5	445	36	8.26	2.63	0	0	false
152	6	436	34	7.68	3.18	0	0	false
152	7	77	260	7.41	2.44	0	1	true
152	8	91	264	7.08	2.25	0	1	false
152	9	108	234	7.28	2.23	0	1	false
152	10	440	52	7.48	2.49	0	1	false
152	11	440	77	7.77	2.39	0	1	false
152	12	440	52	7.16	2.65	0	1	false
152	13	440	52	7.33	2.53	0	1	false
152	14	440	52	7.46	2.73	0	1	false
153	0	450	42	8.05	2.88	0	0	true
153	1	420	76	7.88	2.75	0	0	false
153	2	422	73	7.67	2.93	0	0	false
153	3	432	59	8.43	2.65	0	0	false
153	4	439	57	7.71	2.61	0	0	false
153	5	438	40	7.81	2.75	0	0	false
153	6	429	34	8.24	2.77	0	0	false
153	7	72	265	7.41	2.44	0	1	true
153	8	87	270	7.3	2.29	0	1	false
153	9	103	239	7.51	2.5	0	1	false
153	10	432	54	7.14	2.48	0	1	false
153	11	432	54	7.14	2.65	0	1	false
153	12	432	54	7.5	2.14	0	1	false
153	13	432	54	7.6	2.75	0	1	false
153	14	432	54	7.24	2.25	0	1	false
154	0	442	44	8.05	2.88	0	0	true
154	1	412	79	8.23	3.14	0	0	false
154	2	414	74	8.23	3.06	0	0	false
154	3	425	63	7.87	2.92	0	0	false
154	4	432	61	8.31	3.15	0	0	false
154	5	431	43	8.04	3.09	0	0	false
154	6	421	37	8.22	2.84	0	0	false
154	7	66	269	7.41	2.44	0	1	true
154	8	82	275	7.11	2.36	0	1	false
154	9	97	244	7.43	2.42	0	1	false
154	10	425	57	7.11	2.41	0	1	false
154	11	425	82	7.56	2.67	0	1	false
154	12	425	57	7.5	2.59	0	1	false
154	13	425	57	7.21	2.13	0	1	false
154	14	425	57	7.21	2.67	0	1	false
155	0	434	46	8.05	2.88	0	0	true
155	1	404	79	7.75	2.96	0	0	false
155	2	406	75	7.79	2.9	0	0	false
155	3	417	65	7.77	2.99	0	0	false
155	4	424	61	7.69	2.8	0	0	false
155	5	423	43	7.71	2.77	0	0	false
155	6	413	39	8.03	2.9	0	0	false
155	7	60	274	7.41	2.44	0	1	true
155	8	77	280	7.46	2.29	0	1	false
155	9	92	249	7.68	2.6	0	1	false
155	10	417	58	7.23	2.62	0	1	false
155	11	417	58	7.34	2.32	0	1	false
155	12	417	58	7.23	2.62	0	1	false
155	13	417	58	7.52	2.71	0	1	false
155	14	417	58	7.4	2.71	0	1	false
156	0	427	48	8.05	2.88	0	0	true
156	1	396	81	8.03	2.79	0	0	false
156	2	398	77	8.14	2.94	0	0	false
156	3	409	66	8.33	2.75	0	0	false
156	4	417	64	8.35	2.94	0	0	false
156	5	416	46	8.33	2.88	0	0	false
156	6	405	41	7.91	2.74	0	0	false
156	7	55	279	7.41	2.44	0	1	true
156	8	72	286	7.23	2.32	0	1	false
156	9	85	253	7.72	2.16	0	1	false
156	10	409	60	7.26	2.39	0	1	false
156	11	409	60	7.14	2.31	0	1	false
156	12	409	60	7.2	2.72	0	1	false
156	13	409	60	7.15	2.31	0	1	false
156	14	409	60	7.2	2.72	0	1	false
157	0	419	51	8.05	2.88	0	0	true
157	1	389	83	7.75	3.06	0	0	false
157	2	390	79	8.2	2.78	0	0	false
157	3	402	69	8.26	2.93	0	0	false
157	4	409	66	8.03	2.64	0	0	false
157	5	408	48	7.97	3.08	0	0	false
157	6	398	44	8.18	2.77	0	0	false
157	7	49	284	7.41	2.44	0	1	true
157	8	67	291	7.46	2.41	0	1	false
157	9	81	259	7.13	2.61	0	1	false
157	10	402	62	7.2	2.31	0	1	false
157	11	402	62	7.72	2.73	0	1	false
157	12	402	62	7.31	2.47	0	1	false
157	13	402	62	7.75	2.71	0	1	false
157	14	402	62	7.6	2.73	0	1	false
158	0	411	53	8.05	2.88	0	0	true
158	1	381	84	8.37	2.66	0	0	false
158	2	383	82	8.04	2.71	0	0	false
158	3	394	71	7.75	2.86	0	0	false
158	4	402	69	8.01	2.98	0	0	false
158	5	400	49	7.96	2.65	0	0	false
158	6	391	47	7.97	3.05	0	0	false
158	7	43	288	7.41	2.44	0	1	true
158	8	62	296	7.09	2.41	0	1	false
158	9	75	263	7.68	2.7	0	1	false
158	10	394	65	7.25	2.13	0	1	false
158	11	394	65	7.29	2.71	0	1	false
158	12	394	65	7.68	2.17	0	1	false
158	13	394	65	7.7	2.21	0	1	false
158	14	394	65	7.25	2.17	0	1	false
159	0	403	55	8.05	2.88	0	0	true
159	1	374	88	8.02	2.67	0	0	false
159	2	375	85	7.71	3.05	0	0	false
159	3	386	73	8.1	2.95	0	0	false
159	4	394	71	8.15	2.8	0	0	false
159	5	393	52	8.01	2.64	0	0	false
159	6	383	48	7.76	2.66	0	0	false
159	7	38	293	7.41	2.44	0	1	true
159	8	56	301	7.41	2.49	0	1	false
159	9	68	266	7.43	2.39	0	1	false
159	10	386	67	7.6	2.74	0	1	false
159	11	386	67	7.59	2.33	0	1	false
159	12	386	67	7.15	2.23	0	1	false
159	13	386	67	7.18	2.39	0	1	false
159	14	386	67	7.28	2.41	0	1	false
160	0	396	57	8.05	2.88	0	0	true
160	1	367	92	7.96	3.09	0	0	false
160	2	368	86	8.26	2.74	0	0	false
160	3	378	75	7.88	2.81	0	0	false
160	4	386	73	8.23	3.03	0	0	false
160	5	386	56	8.31	3.01	0	0	false
160	6	376	51	8.33	2.68	0	0	false
160	7	32	298	7.41	2.44	0	1	true
160	8	50	305	7.65	2.37	0	1	false
160	9	62	271	7.43	2.45	0	1	false
160	10	379	70	7.33	2.73	0	1	false
160	11	379	95	7.3	2.4	0	1	false
160	12	379	70	7.71	2.41	0	1	false
160	13	379	70	7.22	2.43	0	1	false
160	14	379	70	7.05	2.31	0	1	false
161	0	389	59	6.5	2.82	0	0	true
161	1	359	92	6.52	2.66	0	0	false
161	2	360	89	6.19	2.97	0	0	false
161	3	371	77	6.46	2.9	0	0	false
161	4	378	74	6.68	2.6	0	0	false
161	5	377	57	6.24	3.08	0	0	false
161	6	368	55	6.79	2.82	0	0	false
161	7	37	301	5.69	0.5	0	1	true
161	8	45	311	5.85	0.33	0	1	false
161	9	57	276	5.95	0.26	0	1	false
161	10	371	71	5.84	0.24	0	1	false
161	11	371	71	5.88	0.45	0	1	false
161	12	371	71	5.89	0.21	0	1	false
161	13	371	71	5.91	0.77	0	1	false
161	14	371	71	5.55	0.76	0	1	false
162	0	383	61	6.5	2.82	0	0	true
162	1	353	95	6.67	3.08	0	0	false
162	2	354	90	6.25	3.01	0	0	false
162	3	365	79	6.5	3	0	0	false
162	4	372	78	6.53	2.57	0	0	false
162	5	371	58	6.68	2.86	0	0	false
162	6	362	57	6.2	2.56	0	0	false
162	7	42	303	5.69	0.5	0	1	true
162	8	50	313	5.96	0.71	0	1	false
162	9	62	277	5.44	0.58	0	1	false
162	10	365	74	5.92	0.2	0	1	false
162	11	365	74	5.57	0.69	0	1	false
162	12	365	74	5.82	0.4	0	1	false
162	13	365	74	5.49	0.29	0	1	false
162	14	365	74	5.46	0.58	0	1	false
163	0	377	63	6.5	2.82	0	0	true
163	1	346	95	6.75	3.01	0	0	false
163	2	348	91	6.32	3.13	0	0	false
163	3	358	80	6.36	2.98	0	0	false
163	4	367	81	6.61	2.54	0	0	false
163	5	365	59	6.36	2.91	0	0	false
163	6	357	61	6.75	2.83	0	0	false
163	7	47	306	5.69	0.5	0	1	true
163	8	55	316	5.96	0.65	0	1	false
163	9	67	280	5.51	0.59	0	1	false
163	10	359	75	5.64	0.63	0	1	false
163	11	359	75	5.41	0.8	0	1	false
163	12	359	75	5.55	0.8	0	1	false
163	13	359	75	5.93	0.27	0	1	false
163	14	359	75	5.44	0.36	0	1	false
164	0	371	65	6.5	2.82	0	0	true
164	1	340	96	6.35	2.94	0	0	false
164	2	341	91	6.43	2.58	0	0	false
164	3	352	81	6.66	2.77	0	0	false
164	4	361	85	6.21	2.81	0	0	false
164	5	359	61	6.56	2.51	0	0	false
164	6	350	63	6.59	2.51	0	0	false
164	7	52	309	5.69	0.5	0	1	true
164	8	60	320	5.69	0.21	0	1	false
164	9	72	283	5.49	0.25	0	1	false
164	10	353	77	5.48	0.2	0	1	false
164	11	353	77	5.66	0.6	0	1	false
164	12	353	77	5.69	0.53	0	1	false
164	13	353	77	5.71	0.19	0	1	false
164	14	353	77	5.46	0.37	0	1	false
165	0	365	67	6.5	2.82	0	0	true
165	1	333	98	6.75	3.03	0	0	false
165	2	336	94	6.35	3.07	0	0	false
165	3	346	83	6.31	2.75	0	0	false
165	4	355	87	6.28	2.66	0	0	false
165	5	353	65	6.42	3.13	0	0	false
165	6	345	66	6.31	2.69	0	0	false
165	7	57	312	5.69	0.5	0	1	true
165	8	65	321	5.9	0.46	0	1	false
165	9	77	285	5.92	0.45	0	1	false
165	10	347	80	5.9	0.34	0	1	false
165	11	347	80	5.78	0.44	0	1	false
165	12	347	80	5.54	0.43	0	1	false
165	13	347	80	5.95	0.59	0	1	false
165	14	347	80	5.76	0.36	0	1	false
166	0	359	69	6.5	2.82	0	0	true
166	1	327	98	6.46	2.93	0	0	false
166	2	330	95	6.43	2.53	0	0	false
166	3	340	85	6.77	2.85	0	0	false
166	4	350	90	6.52	2.7	0	0	false
166	5	347	65	6.71	2.62	0	0	false
166	6	339	69	6.36	2.84	0	0	false
166	7	62	314	5.69	0.5	0	1	true
166	8	71	324	5.54	0.62	0	1	false
166	9	82	287	5.97	0.67	0	1	false
166	10	341	81	5.75	0.48	0	1	false
166	11	341	81	5.82	0.43	0	1	false
166	12	341	81	5.9	0.36	0	1	false
166	13	341	81	5.57	0.36	0	1	false
166	14	341	81	5.88	0.34	0	1	false
167	0	352	71	6.5	2.82	0	0	true
167	1	320	100	6.53	2.83	0	0	false
167	2	324	98	6.57	2.62	0	0	false
167	3	333	87	6.74	2.61	0	0	false
167	4	344	93	6.33	3.05	0	0	false
167	5	341	68	6.5	2.51	0	0	false
167	6	333	71	6.76	2.94	0	0	false
167	7	67	317	5.69	0.5	0	1	true
167	8	75	327	5.76	0.44	0	1	false
167	9	87	291	5.83	0.72	0	1	false
167	10	335	84	5.8	0.46	0	1	false
167	11	335	84	5.92	0.74	0	1	false
167	12	335	84	5.66	0.55	0	1	false
167	13	335	84	5.53	0.55	0	1	false
167	14	335	84	5.63	0.35	0	1	false
168	0	346	73	6.5	2.82	0	0	true
168	1	314	102	6.45	2.74	0	0	false
168	2	319	102	6.78	2.63	0	0	false
168	3	328	91	6.58	2.96	0	0	false
168	4	338	93	6.82	2.88	0	0	false
168	5	336	72	6.31	3.12	0	0	false
168	6	326	72	6.53	2.72	0	0	false
168	7	72	320	5.69	0.5	0	1	true
168	8	80	330	5.68	0.29	0	1	false
168	9	91	295	5.59	0.49	0	1	false
168	10	329	86	5.52	0.42	0	1	false
168	11	329	86	5.74	0.47	0	1	false
168	12	329	86	5.47	0.54	0	1	false
168	13	329	86	5.55	0.79	0	1	false
168	14	329	86	5.49	0.72	0	1	false
169	0	340	75	6.5	2.82	0	0	true
169	1	308	104	6.5	2.67	0	0	false
169	2	313	105	6.61	2.65	0	0	false
169	3	321	92	6.2	2.96	0	0	false
169	4	331	95	6.76	2.54	0	0	false
169	5	330	72	6.46	2.77	0	0	false
169	6	321	75	6.82	2.71	0	0	false
169	7	77	322	5.69	0.5	0	1	true
169	8	86	331	5.52	0.27	0	1	false
169	9	96	298	5.92	0.74	0	1	false
169	10	323	88	5.89	0.28	0	1	false
169	11	323	88	5.87	0.74	0	1	false
169	12	323	88	5.55	0.54	0	1	false
169	13	323	88	5.41	0.35	0	1	false
169	14	323	88	5.71	0.58	0	1	false
170	0	334	77	6.5	2.82	0	0	true
170	1	302	107	6.61	2.79	0	0	false
170	2	307	108	6.54	2.71	0	0	false
170	3	315	93	6.53	2.96	0	0	false
170	4	325	99	6.25	2.53	0	0	false
170	5	324	75	6.25	2.77	0	0	false
170	6	314	78	6.53	3.06	0	0	false
170	7	82	325	5.69	0.5	0	1	true
170	8	91	333	5.56	0.68	0	1	false
170	9	101	302	5.88	0.73	0	1	false
170	10	317	91	5.66	0.69	0	1	false
170	11	317	91	5.8	0.44	0	1	false
170	12	317	91	5.9	0.69	0	1	false
170	13	317	91	5.75	0.61	0	1	false
170	14	317	91	5.89	0.69	0	1	false
171	0	328	79	6.5	2.82	0	0	true
171	1	296	109	6.59	2.91	0	0	false
171	2	301	111	6.38	3.05	0	0	false
171	3	309	94	6.7	2.72	0	0	false
171	4	320	103	6.56	2.88	0	0	false
171	5	318	77	6.79	2.6	0	0	false
171	6	308	79	6.47	3.03	0	0	false
171	7	87	328	5.69	0.5	0	1	true
171	8	95	336	5.72	0.38	0	1	false
171	9	105	305	5.59	0.77	0	1	false
171	10	311	93	5.91	0.4	0	1	false
171	11	311	93	5.68	0.69	0	1	false
171	12	311	93	5.44	0.64	0	1	false
171	13	311	93	5.8	0.69	0	1	false
171	14	311	93	5.87	0.26	0	1	false
172	0	322	81	6.5	2.82	0	0	true
172	1	290	111	6.73	2.88	0	0	false
172	2	295	112	6.32	3.02	0	0	false
172	3	302	97	6.69	2.7	0	0	false
172	4	314	104	6.37	2.85	0	0	false
172	5	312	80	6.47	3	0	0	false
172	6	301	79	6.53	2.65	0	0	false
172	7	92	330	5.69	0.5	0	1	true
172	8	101	338	5.92	0.49	0	1	false
172	9	109	309	5.48	0.37	0	1	false
172	10	305	94	5.66	0.76	0	1	false
172	11	305	94	5.94	0.58	0	1	false
172	12	305	94	5.9	0.19	0	1	false
172	13	305	94	5.45	0.57	0	1	false
172	14	305	94	5.63	0.6	0	1	false
173	0	315	83	6.5	2.82	0	0	true
173	1	283	113	6.32	2.84	0	0	false
173	2	288	112	6.77	2.83	0	0	false
173	3	296	100	6.17	2.85	0	0	false
173	4	308	106	6.76	2.67	0	0	false
173	5	305	81	6.43	2.66	0	0	false
173	6	296	82	6.17	2.68	0	0	false
173	7	97	333	5.69	0.5	0	1	true
173	8	106	341	5.73	0.38	0	1	false
173	9	114	311	5.91	0.55	0	1	false
173	10	298	96	5.55	0.79	0	1	false
173	11	298	96	5.65	0.34	0	1	false
173	12	298	96	5.81	0.21	0	1	false
173	13	298	96	5.46	0.77	0	1	false
173	14	298	96	5.76	0.78	0	1	false
174	0	309	85	6.5	2.82	0	0	true
174	1	277	115	6.48	2.61	0	0	false
174	2	282	114	6.8	2.93	0	0	false
174	3	290	102	6.59	2.75	0	0	false
174	4	302	109	6.78	2.76	0	0	false
174	5	300	84	6.61	2.56	0	0	false
174	6	290	85	6.4	3.13	0	0	false
174	7	102	336	5.69	0.5	0	1	true
174	8	111	343	5.9	0.42	0	1	false
174	9	119	314	5.62	0.44	0	1	false
174	10	292	99	5.7	0.59	0	1	false
174	11	292	99	5.74	0.72	0	1	false
174	12	292	99	5.97	0.43	0	1	false
174	13	292	99	5.65	0.79	0	1	false
174	14	292	99	5.64	0.78	0	1	false
175	0	303	87	6.5	2.82	0	0	true
175	1	272	118	6.58	3.12	0	0	false
175	2	275	116	6.75	2.77	0	0	false
175	3	284	104	6.28	2.51	0	0	false
175	4	296	112	6.2	3.13	0	0	false
175	5	294	88	6.32	2.77	0	0	false
175	6	284	85	6.51	2.87	0	0	false
175	7	107	339	5.69	0.5	0	1	true
175	8	117	346	5.65	0.51	0	1	false
175	9	124	317	5.6	0.21	0	1	false
175	10	286	101	5.58	0.33	0	1	false
175	11	286	101	5.5	0.55	0	1	false
175	12	286	101	5.57	0.75	0	1	false
175	13	286	101	5.83	0.44	0	1	false
175	14	286	101	5.66	0.37	0	1	false
176	0	297	90	6.5	2.82	0	0	true
176	1	265	118	6.65	2.85	0	0	false
176	2	269	118	6.3	2.8	0	0	false
176	3	279	108	6.28	2.61	0	0	false
176	4	289	112	6.62	3.07	0	0	false
176	5	288	90	6.82	2.52	0	0	false
176	6	277	87	6.39	2.86	0	0	false
176	7	112	341	5.69	0.5	0	1	true
176	8	122	348	5.5	0.5	0	1	false
176	9	130	318	5.83	0.45	0	1	false
176	10	280	103	5.5	0.59	0	1	false
176	11	280	103	5.68	0.72	0	1	false
176	12	280	103	5.42	0.47	0	1	false
176	13	280	103	5.44	0.29	0	1	false
176	14	280	103	5.84	0.75	0	1	false
177	0	291	92	6.5	2.82	0	0	true
177	1	259	120	6.78	2.6	0	0	false
177	2	263	120	6.63	3.04	0	0	false
177	3	274	111	6.47	2.8	0	0	false
177	4	283	112	6.68	2.84	0	0	false
177	5	283	94	6.6	2.79	0	0	false
177	6	271	89	6.2	2.62	0	0	false
177	7	117	344	5.69	0.5	0	1	true
177	8	126	351	5.76	0.81	0	1	false
177	9	135	321	5.59	0.57	0	1	false
177	10	274	105	5.64	0.54	0	1	false
177	11	274	105	5.48	0.24	0	1	false
177	12	274	105	5.72	0.44	0	1	false
177	13	274	105	5.59	0.32	0	1	false
177	14	274	105	5.69	0.48	0	1	false
178	0	285	94	6.5	2.82	0	0	true
178	1	253	123	6.71	2.8	0	0	false
178	2	257	121	6.45	2.83	0	0	false
178	3	268	113	6.33	2.62	0	0	false
178	4	276	114	6.61	2.91	0	0	false
178	5	277	96	6.71	2.59	0	0	false
178	6	266	92	6.37	2.97	0	0	false
178	7	122	347	5.69	0.5	0	1	true
178	8	130	355	5.73	0.34	0	1	false
178	9	140	324	5.69	0.5	0	1	false
178	10	268	107	5.95	0.56	0	1	false
178	11	268	107	5.93	0.26	0	1	false
178	12	268	107	5.6	0.63	0	1	false
178	13	268	107	5.84	0.19	0	1	false
178	14	268	107	5.72	0.69	0	1	false
179	0	278	96	6.5	2.82	0	0	true
179	1	247	126	6.79	2.79	0	0	false
179	2	250	123	6.76	2.7	0	0	false
179	3	262	117	6.27	2.86	0	0	false
179	4	270	116	6.77	2.67	0	0	false
179	5	271	100	6.46	2.52	0	0	false
179	6	260	93	6.44	2.65	0	0	false
179	7	127	349	5.69	0.5	0	1	true
179	8	136	357	5.52	0.24	0	1	false
179	9	145	326	5.5	0.59	0	1	false
179	10	262	110	5.59	0.65	0	1	false
179	11	262	110	5.68	0.51	0	1	false
179	12	262	110	5.84	0.78	0	1	false
179	13	262	110	5.49	0.79	0	1	false
179	14	262	110	5.62	0.35	0	1	false
180	0	272	98	6.5	2.82	0	0	true
180	1	240	128	6.43	3.06	0	0	false
180	2	244	126	6.28	2.7	0	0	false
180	3	256	118	6.55	2.65	0	0	false
180	4	264	119	6.5	3.08	0	0	false
180	5	266	104	6.77	2.82	0	0	false
180	6	254	96	6.19	2.76	0	0	false
180	7	132	352	5.69	0.5	0	1	true
180	8	141	358	5.89	0.54	0	1	false
180	9	149	329	5.63	0.18	0	1	false
180	10	256	112	5.62	0.24	0	1	false
180	11	256	112	5.63	0.3	0	1	false
180	12	256	112	5.67	0.62	0	1	false
180	13	256	112	5.44	0.73	0	1	false
180	14	256	112	5.7	0.25	0	1	false
181	0	265	95	8.07	3.48	0	0	true
181	1	234	129	8.16	3.78	0	0	false
181	2	239	129	8.03	3.28	0	0	false
181	3	251	121	8.31	3.74	0	0	false
181	4	257	119	8.26	3.78	0	0	false
181	5	259	106	8.27	3.28	0	0	false
181	6	248	98	8.07	3.78	0	0	false
181	7	126	349	6.43	3.6	0	1	true
181	8	146	361	6.58	3.42	0	1	false
181	9	155	330	6.46	3.58	0	1	false
181	10	250	113	6.57	3.31	0	1	false
181	11	250	113	6.35	3.49	0	1	false
181	12	250	113	6.42	3.49	0	1	false
181	13	250	113	6.59	3.67	0	1	false
181	14	250	113	6.39	3.29	0	1	false
182	0	257	92	8.07	3.48	0	0	true
182	1	227	124	7.81	3.5	0	0	false
182	2	231	128	8.19	3.53	0	0	false
182	3	244	117	8.33	3.27	0	0	false
182	4	251	114	7.96	3.77	0	0	false
182	5	251	105	8.11	3.51	0	0	false
182	6	242	93	8.22	3.31	0	0	false
182	7	121	346	6.43	3.6	0	1	true
182	8	140	360	6.35	3.75	0	1	false
182	9	149	328	6.16	3.68	0	1	false
182	10	243	110	6.47	3.86	0	1	false
182	11	243	110	6.39	3.87	0	1	false
182	12	243	110	6.61	3.37	0	1	false
182	13	243	110	6.53	3.82	0	1	false
182	14	243	110	6.28	3.4	0	1	false
183	0	249	90	8.07	3.48	0	0	true
183	1	220	121	7.71	3.78	0	0	false
183	2	223	124	8.42	3.37	0	0	false
183	3	235	116	8.23	3.5	0	0	false
183	4	244	110	8.21	3.41	0	0	false
183	5	243	102	7.73	3.39	0	0	false
183	6	234	92	8.43	3.45	0	0	false
183	7	115	344	6.43	3.6	0	1	true
183	8	135	356	6.65	3.31	0	1	false
183	9	144	324	6.36	3.34	0	1	false
183	10	235	107	6.51	3.86	0	1	false
183	11	235	107	6.37	3.66	0	1	false
183	12	235	107	6.31	3.68	0	1	false
183	13	235	107	6.55	3.62	0	1	false
183	14	235	107	6.31	3.54	0	1	false
184	0	242	87	8.07	3.48	0	0	true
184	1	214	116	8.47	3.61	0	0	false
184	2	215	123	8.35	3.61	0	0	false
184	3	228	113	8.24	3.52	0	0	false
184	4	236	107	7.97	3.52	0	0	false
184	5	236	100	7.98	3.4	0	0	false
184	6	226	89	8.47	3.27	0	0	false
184	7	109	341	6.43	3.6	0	1	true
184	8	128	355	6.42	3.76	0	1	false
184	9	137	323	6.43	3.7	0	1	false
184	10	228	105	6.19	3.35	0	1	false
184	11	228	105	6.29	3.83	0	1	false
184	12	228	105	6.49	3.85	0	1	false
184	13	228	105	6.56	3.57	0	1	false
184	14	228	105	6.33	3.38	0	1	false
185	0	234	84	8.07	3.48	0	0	true
185	1	206	113	7.92	3.56	0	0	false
185	2	207	119	8.37	3.38	0	0	false
185	3	220	110	7.88	3.24	0	0	false
185	4	229	104	7.68	3.75	0	0	false
185	5	228	98	8.34	3.22	0	0	false
185	6	217	88	7.86	3.33	0	0	false
185	7	103	338	6.43	3.6	0	1	true
185	8	123	351	6.6	3.42	0	1	false
185	9	132	320	6.21	3.41	0	1	false
185	10	220	102	6.38	3.53	0	1	false
185	11	220	102	6.75	3.56	0	1	false
185	12	220	102	6.43	3.65	0	1	false
185	13	220	102	6.58	3.75	0	1	false
185	14	220	102	6.33	3.79	0	1	false
186	0	227	82	8.07	3.48	0	0	true
186	1	199	109	8.46	3.5	0	0	false
186	2	199	117	7.72	3.71	0	0	false
186	3	212	109	8.22	3.23	0	0	false
186	4	223	100	8.16	3.33	0	0	false
186	5	220	97	8.18	3.49	0	0	false
186	6	209	87	8.15	3.34	0	0	false
186	7	97	335	6.43	3.6	0	1	true
186	8	117	349	6.26	3.47	0	1	false
186	9	126	318	6.29	3.48	0	1	false
186	10	212	100	6.26	3.86	0	1	false
186	11	212	100	6.62	3.43	0	1	false
186	12	212	100	6.61	3.49	0	1	false
186	13	212	100	6.34	3.44	0	1	false
186	14	212	100	6.31	3.43	0	1	false
187	0	219	79	8.07	3.48	0	0	true
187	1	191	106	8.16	3.78	0	0	false
187	2	193	113	8.43	3.51	0	0	false
187	3	204	108	8.31	3.41	0	0	false
187	4	215	98	8.42	3.2	0	0	false
187	5	212	94	8.02	3.7	0	0	false
187	6	201	85	8.34	3.35	0	0	false
187	7	92	332	6.43	3.6	0	1	true
187	8	111	347	6.19	3.56	0	1	false
187	9	120	316	6.29	3.65	0	1	false
187	10	205	97	6.12	3.66	0	1	false
187	11	205	97	6.51	3.89	0	1	false
187	12	205	97	6.54	3.34	0	1	false
187	13	205	97	6.36	3.76	0	1	false
187	14	205	97	6.43	3.66	0	1	false
188	0	211	76	8.07	3.48	0	0	true
188	1	184	102	8.29	3.33	0	0	false
188	2	185	110	8.24	3.47	0	0	false
188	3	196	106	8.44	3.17	0	0	false
188	4	206	98	8.25	3.2	0	0	false
188	5	205	90	7.74	3.59	0	0	false
188	6	193	83	7.85	3.34	0	0	false
188	7	86	330	6.43	3.6	0	1	true
188	8	105	345	6.52	3.3	0	1	false
188	9	115	313	6.66	3.59	0	1	false
188	10	197	95	6.73	3.49	0	1	false
188	11	197	95	6.66	3.28	0	1	false
188	12	197	95	6.45	3.49	0	1	false
188	13	197	95	6.74	3.82	0	1	false
188	14	197	95	6.45	3.84	0	1	false
189	0	204	73	8.07	3.48	0	0	true
189	1	176	100	8.3	3.79	0	0	false
189	2	177	107	8.1	3.21	0	0	false
189	3	188	106	8.26	3.22	0	0	false
189	4	198	98	7.71	3.73	0	0	false
189	5	198	87	8.44	3.43	0	0	false
189	6	186	82	8.06	3.43	0	0	false
189	7	80	327	6.43	3.6	0	1	true
189	8	98	344	6.57	3.49	0	1	false
189	9	109	310	6.63	3.54	0	1	false
189	10	189	93	6.37	3.48	0	1	false
189	11	189	93	6.11	3.29	0	1	false
189	12	189	93	6.32	3.56	0	1	false
189	13	189	93	6.24	3.4	0	1	false
189	14	189	93	6.4	3.7	0	1	false
